1.000000000000000000e+00 0.000000000000000000e+00
9.975899999999999768e-01 4.699999999999999859e-04
9.903899999999999926e-01 1.969999999999999963e-03
9.784699999999999509e-01 4.649999999999999620e-03
9.619400000000000173e-01 8.609999999999999598e-03
9.409600000000000186e-01 1.336000000000000035e-02
9.157300000000000439e-01 1.863000000000000073e-02
8.865100000000000202e-01 2.402999999999999928e-02
8.535500000000000309e-01 2.976000000000000173e-02
8.172000000000000375e-01 3.579000000000000237e-02
7.777899999999999814e-01 4.202000000000000179e-02
7.357000000000000206e-01 4.814999999999999836e-02
6.913399999999999546e-01 5.401999999999999857e-02
6.451400000000000468e-01 5.947999999999999815e-02
5.975500000000000256e-01 6.424000000000000543e-02
5.490099999999999980e-01 6.790999999999999814e-02
5.000000000000000000e-01 7.051000000000000323e-02
4.509900000000000020e-01 7.206999999999999518e-02
4.024499999999999744e-01 7.260999999999999399e-02
3.548600000000000088e-01 7.230999999999999928e-02
3.086599999999999899e-01 7.113999999999999491e-02
2.642999999999999794e-01 6.918000000000000538e-02
2.222099999999999909e-01 6.647000000000000131e-02
1.827999999999999903e-01 6.308999999999999331e-02
1.464499999999999968e-01 5.899999999999999689e-02
1.134899999999999937e-01 5.426999999999999880e-02
8.426999999999999769e-02 4.904000000000000026e-02
5.904000000000000220e-02 4.324999999999999678e-02
3.805999999999999661e-02 3.688999999999999918e-02
2.999999999999999889e-02 3.341000000000000220e-02
2.153000000000000053e-02 2.877000000000000043e-02
1.499999999999999944e-02 2.407000000000000112e-02
9.610000000000000486e-03 1.914000000000000076e-02
8.000000000000000167e-03 1.743000000000000105e-02
6.499999999999999702e-03 1.566999999999999990e-02
5.000000000000000104e-03 1.370999999999999996e-02
3.500000000000000073e-03 1.141999999999999960e-02
2.409999999999999816e-03 9.429999999999999147e-03
1.600000000000000077e-03 7.649999999999999682e-03
1.000000000000000021e-03 6.029999999999999770e-03
5.000000000000000104e-04 4.239999999999999845e-03
0.000000000000000000e+00 0.000000000000000000e+00
5.000000000000000104e-04 -3.469999999999999994e-03
1.000000000000000021e-03 -4.819999999999999632e-03
1.600000000000000077e-03 -5.989999999999999665e-03
2.409999999999999816e-03 -7.230000000000000315e-03
3.500000000000000073e-03 -8.550000000000000308e-03
5.000000000000000104e-03 -1.000999999999999980e-02
6.499999999999999702e-03 -1.120999999999999948e-02
8.000000000000000167e-03 -1.223999999999999914e-02
9.610000000000000486e-03 -1.322000000000000085e-02
1.499999999999999944e-02 -1.585999999999999910e-02
2.153000000000000053e-02 -1.830999999999999989e-02
2.999999999999999889e-02 -2.089999999999999844e-02
3.805999999999999661e-02 -2.295000000000000165e-02
5.904000000000000220e-02 -2.723000000000000073e-02
8.426999999999999769e-02 -3.132000000000000062e-02
1.134899999999999937e-01 -3.509000000000000313e-02
1.464499999999999968e-01 -3.839999999999999664e-02
1.827999999999999903e-01 -4.141000000000000236e-02
2.222099999999999909e-01 -4.385000000000000009e-02
2.642999999999999794e-01 -4.580000000000000043e-02
3.086599999999999899e-01 -4.696000000000000174e-02
3.548600000000000088e-01 -4.714999999999999747e-02
4.024499999999999744e-01 -4.619000000000000189e-02
4.509900000000000020e-01 -4.401000000000000051e-02
5.000000000000000000e-01 -4.050999999999999740e-02
5.490099999999999980e-01 -3.538999999999999785e-02
5.975500000000000256e-01 -2.954000000000000029e-02
6.451400000000000468e-01 -2.324000000000000024e-02
6.913399999999999546e-01 -1.736000000000000043e-02
7.357000000000000206e-01 -1.244999999999999926e-02
7.777899999999999814e-01 -8.439999999999999586e-03
8.172000000000000375e-01 -5.369999999999999774e-03
8.535500000000000309e-01 -3.099999999999999891e-03
8.865100000000000202e-01 -1.529999999999999893e-03
9.157300000000000439e-01 -5.500000000000000331e-04
9.409600000000000186e-01 -6.000000000000000152e-05
9.619400000000000173e-01 1.100000000000000039e-04
9.784699999999999509e-01 9.000000000000000567e-05
9.903899999999999926e-01 5.000000000000000240e-05
9.975899999999999768e-01 1.000000000000000082e-05
1.000000000000000000e+00 0.000000000000000000e+00
