1.000000000000000000e+00 3.799999999999999992e-03
9.975899999999999768e-01 4.159999999999999636e-03
9.903899999999999926e-01 5.250000000000000326e-03
9.784699999999999509e-01 7.060000000000000303e-03
9.619400000000000173e-01 9.499999999999999764e-03
9.409600000000000186e-01 1.260000000000000009e-02
9.157300000000000439e-01 1.626000000000000015e-02
8.865100000000000202e-01 2.031000000000000166e-02
8.535500000000000309e-01 2.484000000000000097e-02
8.172000000000000375e-01 2.971000000000000030e-02
7.777899999999999814e-01 3.472000000000000086e-02
7.357000000000000206e-01 3.975999999999999673e-02
6.913399999999999546e-01 4.454999999999999932e-02
6.451400000000000468e-01 4.875999999999999779e-02
5.975500000000000256e-01 5.208000000000000129e-02
5.490099999999999980e-01 5.462000000000000188e-02
5.000000000000000000e-01 5.637000000000000344e-02
4.509900000000000020e-01 5.734999999999999820e-02
4.024499999999999744e-01 5.779000000000000109e-02
3.548600000000000088e-01 5.763000000000000067e-02
3.086599999999999899e-01 5.696999999999999981e-02
2.642999999999999794e-01 5.580999999999999850e-02
2.222099999999999909e-01 5.426999999999999880e-02
1.827999999999999903e-01 5.231000000000000233e-02
1.464499999999999968e-01 4.995000000000000134e-02
1.134899999999999937e-01 4.719000000000000278e-02
8.426999999999999769e-02 4.420999999999999930e-02
5.904000000000000220e-02 4.032999999999999780e-02
3.805999999999999661e-02 3.495999999999999802e-02
2.999999999999999889e-02 3.216000000000000109e-02
2.153000000000000053e-02 2.841000000000000122e-02
1.499999999999999944e-02 2.479999999999999913e-02
9.610000000000000486e-03 2.089999999999999844e-02
8.000000000000000167e-03 1.940000000000000058e-02
6.499999999999999702e-03 1.778000000000000067e-02
5.000000000000000104e-03 1.580000000000000154e-02
3.500000000000000073e-03 1.342999999999999923e-02
2.409999999999999816e-03 1.128000000000000010e-02
1.600000000000000077e-03 9.249999999999999542e-03
1.000000000000000021e-03 7.320000000000000118e-03
5.000000000000000104e-04 5.219999999999999814e-03
0.000000000000000000e+00 0.000000000000000000e+00
5.000000000000000104e-04 -4.100000000000000346e-03
1.000000000000000021e-03 -5.449999999999999983e-03
1.600000000000000077e-03 -6.649999999999999661e-03
2.409999999999999816e-03 -7.849999999999999339e-03
3.500000000000000073e-03 -8.999999999999999320e-03
5.000000000000000104e-03 -1.030000000000000013e-02
6.499999999999999702e-03 -1.139000000000000082e-02
8.000000000000000167e-03 -1.227999999999999925e-02
9.610000000000000486e-03 -1.315999999999999982e-02
1.499999999999999944e-02 -1.532999999999999988e-02
2.153000000000000053e-02 -1.727000000000000063e-02
2.999999999999999889e-02 -1.947000000000000119e-02
3.805999999999999661e-02 -2.118000000000000091e-02
5.904000000000000220e-02 -2.459000000000000075e-02
8.426999999999999769e-02 -2.785999999999999935e-02
1.134899999999999937e-01 -3.073999999999999996e-02
1.464499999999999968e-01 -3.332000000000000239e-02
1.827999999999999903e-01 -3.556000000000000133e-02
2.222099999999999909e-01 -3.731000000000000288e-02
2.642999999999999794e-01 -3.855999999999999706e-02
3.086599999999999899e-01 -3.914999999999999730e-02
3.548600000000000088e-01 -3.889000000000000096e-02
4.024499999999999744e-01 -3.772999999999999965e-02
4.509900000000000020e-01 -3.559999999999999970e-02
5.000000000000000000e-01 -3.232000000000000151e-02
5.490099999999999980e-01 -2.787999999999999853e-02
5.975500000000000256e-01 -2.266999999999999918e-02
6.451400000000000468e-01 -1.716000000000000164e-02
6.913399999999999546e-01 -1.199000000000000066e-02
7.357000000000000206e-01 -7.680000000000000195e-03
7.777899999999999814e-01 -4.239999999999999845e-03
8.172000000000000375e-01 -1.750000000000000036e-03
8.535500000000000309e-01 -1.000000000000000048e-04
8.865100000000000202e-01 8.499999999999999526e-04
9.157300000000000439e-01 1.299999999999999940e-03
9.409600000000000186e-01 1.260000000000000052e-03
9.619400000000000173e-01 9.799999999999999684e-04
9.784699999999999509e-01 6.199999999999999999e-04
9.903899999999999926e-01 2.900000000000000017e-04
9.975899999999999768e-01 6.000000000000000152e-05
1.000000000000000000e+00 0.000000000000000000e+00
