1.000000000000000000e+00 0.000000000000000000e+00
9.968000000000000194e-01 8.099999999999999561e-04
9.876500000000000279e-01 3.330000000000000061e-03
9.733899999999999775e-01 7.340000000000000170e-03
9.544200000000000461e-01 1.222999999999999955e-02
9.307800999999999991e-01 1.770000000000000046e-02
9.027100000000000124e-01 2.375999999999999987e-02
8.707399999999999585e-01 3.033999999999999891e-02
8.354000000000000314e-01 3.717999999999999777e-02
7.972500000000000142e-01 4.401000000000000051e-02
7.568300000000000027e-01 5.032999999999999974e-02
7.143500000000000405e-01 5.557999999999999746e-02
6.697199999999999820e-01 5.954999999999999877e-02
6.231299999999999617e-01 6.248999999999999694e-02
5.751100000000000101e-01 6.447999999999999565e-02
5.261500000000000066e-01 6.557000000000000328e-02
4.767600000000000171e-01 6.575000000000000289e-02
4.274600000000000066e-01 6.507999999999999896e-02
3.787699999999999956e-01 6.354999999999999538e-02
3.311700000000000199e-01 6.121999999999999664e-02
2.851699999999999791e-01 5.811999999999999805e-02
2.412400000000000100e-01 5.433000000000000329e-02
1.998300000000000076e-01 4.989999999999999991e-02
1.613700000000000134e-01 4.492000000000000159e-02
1.262600000000000111e-01 3.946999999999999814e-02
9.485000000000000375e-02 3.366999999999999854e-02
6.747000000000000219e-02 2.761999999999999872e-02
4.438000000000000278e-02 2.147999999999999909e-02
2.587000000000000063e-02 1.538999999999999917e-02
1.210999999999999924e-02 9.549999999999999462e-03
7.089999999999999948e-03 6.819999999999999674e-03
2.799999999999999972e-03 3.700000000000000164e-03
9.600000000000000243e-04 1.860000000000000108e-03
0.000000000000000000e+00 6.599999999999999964e-04
1.000000000000000082e-05 -3.000000000000000076e-05
2.000000000000000096e-04 -7.100000000000000191e-04
1.039999999999999909e-03 -1.869999999999999917e-03
2.949999999999999931e-03 -3.629999999999999980e-03
7.349999999999999763e-03 -6.550000000000000266e-03
1.247999999999999977e-02 -9.060000000000000345e-03
2.632999999999999924e-02 -1.423999999999999919e-02
4.479999999999999954e-02 -1.939000000000000098e-02
6.765000000000000180e-02 -2.426999999999999991e-02
9.456000000000000516e-02 -2.866000000000000145e-02
1.252300000000000080e-01 -3.228000000000000314e-02
1.594299999999999884e-01 -3.479000000000000148e-02
1.971400000000000097e-01 -3.599000000000000116e-02
2.381800000000000028e-01 -3.599000000000000116e-02
2.822600000000000109e-01 -3.482999999999999985e-02
3.290100000000000247e-01 -3.261000000000000010e-02
3.780600000000000072e-01 -2.944000000000000089e-02
4.289799999999999724e-01 -2.548999999999999877e-02
4.813000000000000056e-01 -2.093000000000000069e-02
5.345100000000000406e-01 -1.601999999999999952e-02
5.880300000000000527e-01 -1.098000000000000018e-02
6.412400000000000322e-01 -6.100000000000000387e-03
6.935099999999999598e-01 -1.629999999999999939e-03
7.440900000000000292e-01 2.190000000000000106e-03
7.922200000000000353e-01 5.150000000000000064e-03
8.371300000000000407e-01 7.100000000000000408e-03
8.780299999999999772e-01 7.960000000000000062e-03
9.141599999999999726e-01 7.729999999999999892e-03
9.447799999999999532e-01 6.510000000000000162e-03
9.690900000000000070e-01 4.479999999999999608e-03
9.864199999999999635e-01 2.259999999999999856e-03
9.966399999999999704e-01 5.999999999999999474e-04
1.000000000000000000e+00 0.000000000000000000e+00
