1.000000000000000000e+00 0.000000000000000000e+00
9.960400000000000365e-01 1.670000000000000043e-03
9.856000000000000316e-01 6.740000000000000331e-03
9.707099999999999618e-01 1.423999999999999919e-02
9.515898999999999885e-01 2.237000000000000099e-02
9.274099000000000093e-01 3.059999999999999873e-02
8.981000000000000094e-01 3.935000000000000303e-02
8.641900000000000137e-01 4.875999999999999779e-02
8.262199999999999545e-01 5.877000000000000279e-02
7.847899999999999876e-01 6.923999999999999599e-02
7.405300000000000216e-01 8.001999999999999391e-02
6.940600000000000103e-01 9.087000000000000632e-02
6.460500000000000131e-01 1.015500000000000014e-01
5.971100000000000296e-01 1.117599999999999982e-01
5.478600000000000136e-01 1.212000000000000022e-01
4.988699999999999801e-01 1.295600000000000085e-01
4.506800000000000250e-01 1.365399999999999947e-01
4.037600000000000078e-01 1.418200000000000016e-01
3.585599999999999898e-01 1.451300000000000090e-01
3.145899999999999808e-01 1.461199999999999999e-01
2.746700000000000252e-01 1.444300000000000028e-01
2.360099999999999976e-01 1.400099999999999956e-01
1.995599999999999874e-01 1.330600000000000116e-01
1.653699999999999892e-01 1.238400000000000056e-01
1.335899999999999865e-01 1.127999999999999975e-01
1.045500000000000040e-01 1.003700000000000009e-01
7.857999999999999707e-02 8.687999999999999889e-02
5.596999999999999892e-02 7.263999999999999624e-02
3.695999999999999980e-02 5.795000000000000151e-02
2.173999999999999891e-02 4.315000000000000085e-02
1.043000000000000003e-02 2.861000000000000001e-02
3.150000000000000022e-03 1.481999999999999984e-02
0.000000000000000000e+00 1.197999999999999933e-02
2.999999999999999737e-04 4.550000000000000225e-03
2.900000000000000017e-04 -3.059999999999999786e-03
8.000000000000000383e-04 -4.910000000000000302e-03
1.649999999999999991e-03 -6.660000000000000121e-03
3.530000000000000152e-03 -9.299999999999999239e-03
6.939999999999999988e-03 -1.282999999999999939e-02
1.374000000000000048e-02 -1.808999999999999844e-02
2.545000000000000040e-02 -2.470999999999999933e-02
4.488000000000000322e-02 -3.255999999999999867e-02
6.907000000000000639e-02 -3.959000000000000019e-02
9.775000000000000355e-02 -4.556000000000000327e-02
1.305699999999999916e-01 -5.077000000000000263e-02
1.670699999999999963e-01 -5.480000000000000149e-02
2.067299999999999971e-01 -5.759999999999999842e-02
2.490400000000000114e-01 -5.888000000000000178e-02
2.937299999999999911e-01 -5.820999999999999786e-02
3.407899999999999818e-01 -5.541999999999999704e-02
3.901899999999999813e-01 -5.052999999999999853e-02
4.420200000000000240e-01 -4.392000000000000071e-02
4.960100000000000064e-01 -3.638000000000000261e-02
5.514099999999999557e-01 -2.860000000000000042e-02
6.073800000000000310e-01 -2.106999999999999845e-02
6.630099999999999882e-01 -1.421000000000000041e-02
7.173300000000000232e-01 -8.330000000000000598e-03
7.693699999999999983e-01 -3.640000000000000006e-03
8.181300000000000239e-01 -2.500000000000000052e-04
8.626500000000000279e-01 1.840000000000000056e-03
9.020500000000000185e-01 2.769999999999999893e-03
9.354999999999999982e-01 2.830000000000000050e-03
9.625200000000000422e-01 2.429999999999999868e-03
9.828000000000000069e-01 1.670000000000000043e-03
9.956000000000000405e-01 5.900000000000000296e-04
1.000000000000000000e+00 0.000000000000000000e+00
