1.000000000000000000e+00 0.000000000000000000e+00
9.966800000000000104e-01 8.499999999999999526e-04
9.872300000000000519e-01 3.520000000000000125e-03
9.725399999999999601e-01 7.830000000000000154e-03
9.530899999999999928e-01 1.315000000000000023e-02
9.289199999999999680e-01 1.918999999999999873e-02
9.003499999999999837e-01 2.596000000000000044e-02
8.679599999999999538e-01 3.334999999999999770e-02
8.323199999999999488e-01 4.107000000000000234e-02
7.940199999999999481e-01 4.877999999999999697e-02
7.536100000000000021e-01 5.591000000000000136e-02
7.112500000000000488e-01 6.180999999999999689e-02
6.667600000000000193e-01 6.626999999999999558e-02
6.202999999999999625e-01 6.955999999999999683e-02
5.723799999999999999e-01 7.183000000000000496e-02
5.235300000000000509e-01 7.309000000000000219e-02
4.742399999999999949e-01 7.337000000000000466e-02
4.250499999999999834e-01 7.270999999999999686e-02
3.764500000000000068e-01 7.111000000000000654e-02
3.289599999999999747e-01 6.864000000000000656e-02
2.830699999999999883e-01 6.532999999999999918e-02
2.392499999999999905e-01 6.124000000000000277e-02
1.979700000000000071e-01 5.645000000000000018e-02
1.596499999999999864e-01 5.104999999999999816e-02
1.246899999999999953e-01 4.512000000000000038e-02
9.345000000000000528e-02 3.876999999999999891e-02
6.625999999999999945e-02 3.212999999999999884e-02
4.342000000000000026e-02 2.532999999999999835e-02
2.520999999999999977e-02 1.849999999999999908e-02
1.179999999999999973e-02 1.175000000000000003e-02
6.949999999999999581e-03 8.479999999999999691e-03
2.729999999999999788e-03 4.720000000000000237e-03
9.300000000000000541e-04 2.419999999999999842e-03
0.000000000000000000e+00 8.700000000000000051e-04
1.000000000000000082e-05 -5.000000000000000240e-05
2.000000000000000096e-04 -9.600000000000000243e-04
1.030000000000000100e-03 -2.480000000000000000e-03
2.929999999999999879e-03 -4.700000000000000185e-03
7.289999999999999605e-03 -8.269999999999999574e-03
1.231999999999999935e-02 -1.136000000000000031e-02
2.589999999999999941e-02 -1.748999999999999860e-02
4.415999999999999787e-02 -2.343999999999999903e-02
6.686000000000000276e-02 -2.905999999999999903e-02
9.367999999999999938e-02 -3.418999999999999817e-02
1.242800000000000016e-01 -3.860000000000000236e-02
1.582800000000000040e-01 -4.202000000000000179e-02
1.954799999999999871e-01 -4.404000000000000276e-02
2.358800000000000063e-01 -4.451999999999999708e-02
2.793499999999999872e-01 -4.359999999999999987e-02
3.255500000000000060e-01 -4.141999999999999849e-02
3.740999999999999881e-01 -3.810000000000000192e-02
3.740999999999999881e-01 -3.810000000000000192e-02
4.245999999999999774e-01 -3.382999999999999896e-02
4.766000000000000236e-01 -2.879999999999999921e-02
5.295999999999999597e-01 -2.327999999999999861e-02
5.830400000000000027e-01 -1.752000000000000085e-02
6.363100000000000422e-01 -1.183000000000000024e-02
6.887499999999999734e-01 -6.499999999999999702e-03
7.396500000000000297e-01 -1.809999999999999977e-03
7.882299999999999862e-01 1.990000000000000015e-03
8.336900000000000421e-01 4.720000000000000237e-03
8.752100000000000435e-01 6.270000000000000399e-03
9.119800000000000129e-01 6.620000000000000016e-03
9.432199999999999473e-01 5.850000000000000165e-03
9.681100000000000261e-01 4.170000000000000095e-03
9.859400000000000386e-01 2.160000000000000028e-03
9.965199999999999614e-01 5.900000000000000296e-04
1.000000000000000000e+00 0.000000000000000000e+00
