1.000000000000000000e+00 1.049999999999999935e-03
9.489800000000000457e-01 2.051000000000000045e-02
8.979899999999999549e-01 4.037999999999999923e-02
7.962399999999999478e-01 7.550999999999999379e-02
6.946299999999999697e-01 1.078599999999999975e-01
5.932899999999999840e-01 1.348199999999999954e-01
4.922699999999999854e-01 1.554899999999999893e-01
3.917100000000000026e-01 1.665899999999999881e-01
2.916400000000000103e-01 1.680099999999999927e-01
1.923400000000000110e-01 1.539699999999999958e-01
1.430700000000000027e-01 1.394199999999999884e-01
9.417999999999999983e-02 1.169899999999999968e-01
6.995999999999999441e-02 1.013799999999999979e-01
4.592000000000000248e-02 8.197999999999999732e-02
2.225999999999999854e-02 5.510999999999999927e-02
1.068999999999999985e-02 3.633000000000000118e-02
0.000000000000000000e+00 0.000000000000000000e+00
1.379999999999999977e-02 -2.600999999999999840e-02
2.664000000000000049e-02 -3.296999999999999931e-02
5.197999999999999843e-02 -3.971000000000000224e-02
7.710000000000000187e-02 -4.216000000000000303e-02
1.021900000000000031e-01 -4.401999999999999663e-02
1.521399999999999975e-01 -4.293000000000000288e-02
2.020299999999999874e-01 -4.075000000000000150e-02
3.017199999999999882e-01 -3.448999999999999982e-02
4.013900000000000245e-01 -2.792999999999999997e-02
5.010499999999999954e-01 -2.106999999999999845e-02
6.007200000000000317e-01 -1.451000000000000033e-02
7.005000000000000115e-01 -1.004999999999999991e-02
8.002899999999999459e-01 -5.890000000000000270e-03
9.001700000000000257e-01 -3.320000000000000034e-03
9.501199999999999646e-01 -2.330000000000000040e-03
1.000000000000000000e+00 -1.049999999999999935e-03
