1.000000000000000000e+00 2.599999999999999881e-03
9.499999999999999556e-01 1.672999999999999834e-02
9.000000000000000222e-01 3.097000000000000100e-02
8.000000000000000444e-01 5.933999999999999692e-02
6.999999999999999556e-01 8.760999999999999344e-02
5.999999999999999778e-01 1.160800000000000026e-01
5.000000000000000000e-01 1.423500000000000043e-01
4.000000000000000222e-01 1.636199999999999877e-01
2.999999999999999889e-01 1.695899999999999908e-01
2.000000000000000111e-01 1.604599999999999915e-01
1.499999999999999944e-01 1.459900000000000087e-01
1.000000000000000056e-01 1.238299999999999956e-01
7.499999999999999722e-02 1.088999999999999968e-01
5.000000000000000278e-02 9.075999999999999346e-02
2.500000000000000139e-02 6.733000000000000096e-02
1.250000000000000069e-02 5.272000000000000297e-02
0.000000000000000000e+00 0.000000000000000000e+00
1.250000000000000069e-02 -1.417999999999999990e-02
2.500000000000000139e-02 -2.127000000000000071e-02
5.000000000000000278e-02 -3.013000000000000053e-02
7.499999999999999722e-02 -3.490000000000000047e-02
1.000000000000000056e-01 -3.867000000000000298e-02
1.499999999999999944e-01 -4.460000000000000075e-02
2.000000000000000111e-01 -4.834000000000000102e-02
2.999999999999999889e-01 -5.041000000000000342e-02
4.000000000000000222e-01 -4.868000000000000105e-02
5.000000000000000000e-01 -4.454999999999999932e-02
5.999999999999999778e-01 -3.622000000000000219e-02
6.999999999999999556e-01 -2.689000000000000071e-02
8.000000000000000444e-01 -1.796000000000000027e-02
9.000000000000000222e-01 -9.129999999999999227e-03
9.499999999999999556e-01 -5.069999999999999854e-03
1.000000000000000000e+00 0.000000000000000000e+00
