1.000000000000000000e+00 4.400000000000000265e-03
9.499999999999999556e-01 1.628999999999999893e-02
9.000000000000000222e-01 2.727999999999999869e-02
8.000000000000000444e-01 4.836000000000000021e-02
6.999999999999999556e-01 6.574000000000000676e-02
5.999999999999999778e-01 8.111999999999999766e-02
5.000000000000000000e-01 9.379999999999999449e-02
4.000000000000000222e-01 1.023799999999999988e-01
2.999999999999999889e-01 1.056600000000000039e-01
2.000000000000000111e-01 1.007399999999999962e-01
1.499999999999999944e-01 9.382999999999999674e-02
1.000000000000000056e-01 8.201999999999999569e-02
7.499999999999999722e-02 7.366000000000000325e-02
5.000000000000000278e-02 6.230999999999999733e-02
2.500000000000000139e-02 4.585000000000000187e-02
1.250000000000000069e-02 3.323000000000000259e-02
0.000000000000000000e+00 0.000000000000000000e+00
1.250000000000000069e-02 -3.316999999999999810e-02
2.500000000000000139e-02 -4.574999999999999900e-02
5.000000000000000278e-02 -6.208999999999999936e-02
7.499999999999999722e-02 -7.333000000000000629e-02
1.000000000000000056e-01 -8.157999999999999974e-02
1.499999999999999944e-01 -9.317000000000000282e-02
2.000000000000000111e-01 -9.986000000000000432e-02
2.999999999999999889e-01 -1.043400000000000022e-01
4.000000000000000222e-01 -1.006200000000000011e-01
5.000000000000000000e-01 -9.160000000000000087e-02
5.999999999999999778e-01 -7.847999999999999421e-02
6.999999999999999556e-01 -6.265999999999999348e-02
8.000000000000000444e-01 -4.483999999999999792e-02
9.000000000000000222e-01 -2.332000000000000045e-02
9.499999999999999556e-01 -1.210999999999999924e-02
1.000000000000000000e+00 0.000000000000000000e+00
