1.000000000000000000e+00 0.000000000000000000e+00
9.499999999999999556e-01 8.000000000000000167e-03
9.000000000000000222e-01 1.700000000000000122e-02
8.000000000000000444e-01 3.400000000000000244e-02
6.999999999999999556e-01 5.199999999999999761e-02
5.999999999999999778e-01 6.500000000000000222e-02
5.000000000000000000e-01 7.000000000000000666e-02
4.000000000000000222e-01 6.800000000000000488e-02
2.999999999999999889e-01 5.999999999999999778e-02
2.000000000000000111e-01 4.800000000000000100e-02
1.499999999999999944e-01 4.000000000000000083e-02
1.000000000000000056e-01 2.999999999999999889e-02
7.499999999999999722e-02 2.500000000000000139e-02
5.000000000000000278e-02 2.000000000000000042e-02
2.500000000000000139e-02 1.299999999999999940e-02
1.250000000000000069e-02 8.000000000000000167e-03
0.000000000000000000e+00 0.000000000000000000e+00
1.250000000000000069e-02 -8.999999999999999320e-03
2.500000000000000139e-02 -1.299999999999999940e-02
5.000000000000000278e-02 -1.799999999999999864e-02
7.499999999999999722e-02 -2.299999999999999961e-02
1.000000000000000056e-01 -2.599999999999999881e-02
1.499999999999999944e-01 -3.200000000000000067e-02
2.000000000000000111e-01 -3.699999999999999817e-02
2.999999999999999889e-01 -4.399999999999999745e-02
4.000000000000000222e-01 -4.800000000000000100e-02
5.000000000000000000e-01 -5.000000000000000278e-02
5.999999999999999778e-01 -4.900000000000000189e-02
6.999999999999999556e-01 -4.399999999999999745e-02
8.000000000000000444e-01 -3.599999999999999728e-02
9.000000000000000222e-01 -2.100000000000000130e-02
9.499999999999999556e-01 -1.200000000000000025e-02
1.000000000000000000e+00 0.000000000000000000e+00
