1.000000000000000000e+00 1.750000000000000036e-03
9.493599999999999817e-01 1.848999999999999949e-02
8.987899999999999778e-01 3.472999999999999698e-02
7.976999999999999647e-01 6.622000000000000108e-02
6.967799999999999550e-01 9.271000000000000074e-02
5.960999999999999632e-01 1.122100000000000042e-01
4.956699999999999995e-01 1.247199999999999975e-01
3.954699999999999882e-01 1.302399999999999947e-01
2.954899999999999749e-01 1.297699999999999965e-01
1.959100000000000008e-01 1.178099999999999981e-01
1.463299999999999879e-01 1.055900000000000033e-01
9.694999999999999452e-02 8.787000000000000366e-02
7.235999999999999377e-02 7.600999999999999424e-02
4.785999999999999976e-02 6.165999999999999953e-02
2.350999999999999965e-02 4.281999999999999695e-02
1.141000000000000000e-02 3.139999999999999736e-02
0.000000000000000000e+00 0.000000000000000000e+00
1.319999999999999993e-02 -2.003999999999999879e-02
2.590999999999999900e-02 -2.610000000000000167e-02
5.111999999999999877e-02 -3.221999999999999864e-02
7.616000000000000547e-02 -3.334999999999999770e-02
1.011500000000000038e-01 -3.298999999999999849e-02
1.510499999999999898e-01 -3.024999999999999911e-02
2.009400000000000075e-01 -2.701999999999999888e-02
3.006599999999999828e-01 -1.905000000000000096e-02
4.004400000000000182e-01 -1.257999999999999917e-02
5.002600000000000380e-01 -7.620000000000000037e-03
6.001400000000000068e-01 -4.139999999999999583e-03
7.000800000000000356e-01 -2.170000000000000054e-03
8.000399999999999734e-01 -1.199999999999999895e-03
9.000399999999999512e-01 -1.219999999999999947e-03
9.500499999999999501e-01 -1.490000000000000005e-03
1.000000000000000000e+00 -1.750000000000000036e-03
