1.000000000000000000e+00 0.000000000000000000e+00
9.496900000000000341e-01 9.700000000000000289e-03
8.994100000000000428e-01 1.870000000000000134e-02
7.988600000000000145e-01 3.599999999999999728e-02
6.983300000000000063e-01 5.251000000000000112e-02
5.978900000000000325e-01 6.630999999999999395e-02
4.975299999999999723e-01 7.752000000000000557e-02
3.973499999999999810e-01 8.333999999999999742e-02
2.974499999999999922e-01 8.015999999999999515e-02
1.977800000000000114e-01 6.988999999999999380e-02
1.480799999999999894e-01 6.040999999999999842e-02
9.848999999999999422e-02 4.762999999999999873e-02
7.373999999999999999e-02 3.955000000000000182e-02
4.904000000000000026e-02 3.025999999999999870e-02
2.436999999999999930e-02 1.977999999999999897e-02
1.208000000000000046e-02 1.307999999999999961e-02
0.000000000000000000e+00 0.000000000000000000e+00
1.281999999999999980e-02 -1.018999999999999941e-02
2.539999999999999897e-02 -1.268999999999999989e-02
5.056999999999999690e-02 -1.788999999999999965e-02
7.567999999999999727e-02 -2.138999999999999929e-02
1.007799999999999946e-01 -2.440000000000000155e-02
1.508099999999999996e-01 -2.603000000000000105e-02
2.008099999999999885e-01 -2.540999999999999856e-02
3.005300000000000193e-01 -1.663999999999999854e-02
4.002700000000000147e-01 -8.569999999999999493e-03
5.000999999999999890e-01 -3.200000000000000153e-03
5.999799999999999578e-01 6.800000000000000488e-04
6.999199000000000392e-01 2.459999999999999947e-03
7.999199999999999644e-01 2.639999999999999986e-03
8.999399999999999622e-01 1.820000000000000003e-03
9.499900000000000011e-01 4.099999999999999912e-04
1.000000000000000000e+00 0.000000000000000000e+00
