1.000000000000000000e+00 2.899999999999999800e-03
9.498900000000000121e-01 1.295999999999999930e-02
8.998000999999999916e-01 2.242999999999999855e-02
7.996499999999999719e-01 3.985999999999999960e-02
6.995099999999999651e-01 5.648999999999999855e-02
5.993800000000000239e-01 7.111000000000000654e-02
4.992699999999999916e-01 8.344000000000000028e-02
3.991999999999999993e-01 9.236999999999999378e-02
2.991599999999999815e-01 9.679999999999999716e-02
1.991999999999999882e-01 9.242999999999999827e-02
1.492700000000000138e-01 8.390000000000000235e-02
9.940999999999999837e-02 6.826000000000000123e-02
7.449000000000000066e-02 5.904999999999999832e-02
4.959000000000000213e-02 4.692999999999999949e-02
2.474000000000000157e-02 2.991999999999999868e-02
1.234999999999999987e-02 1.761000000000000065e-02
0.000000000000000000e+00 0.000000000000000000e+00
1.259000000000000050e-02 -1.089000000000000037e-02
2.510000000000000078e-02 -1.137999999999999949e-02
5.007999999999999952e-02 -8.659999999999999296e-03
7.502999999999999947e-02 -3.950000000000000386e-03
1.000100000000000017e-01 -7.299999999999999632e-04
1.499600000000000100e-01 4.199999999999999740e-03
1.999400000000000066e-01 6.440000000000000412e-03
2.999200000000000199e-01 9.010000000000000647e-03
3.999099999999999877e-01 1.047999999999999973e-02
4.999100000000000210e-01 1.025000000000000043e-02
5.999100000000000543e-01 9.919999999999999998e-03
6.999300000000000521e-01 8.489999999999999283e-03
7.999500000000000499e-01 5.360000000000000181e-03
8.999800000000000022e-01 2.030000000000000120e-03
9.499999999999999556e-01 -4.299999999999999894e-04
1.000000000000000000e+00 -2.899999999999999800e-03
