1.000000000000000000e+00 0.000000000000000000e+00
9.499999999999999556e-01 1.349999999999999985e-02
9.000000000000000222e-01 2.549999999999999836e-02
8.000000000000000444e-01 4.850000000000000144e-02
6.999999999999999556e-01 7.049999999999999323e-02
5.999999999999999778e-01 9.049999999999999711e-02
5.000000000000000000e-01 1.069999999999999979e-01
4.000000000000000222e-01 1.199999999999999956e-01
2.999999999999999889e-01 1.239999999999999991e-01
2.000000000000000111e-01 1.179999999999999938e-01
1.499999999999999944e-01 1.079999999999999988e-01
1.000000000000000056e-01 9.149999999999999800e-02
7.499999999999999722e-02 7.975000000000000144e-02
5.000000000000000278e-02 6.350000000000000089e-02
2.500000000000000139e-02 4.125000000000000194e-02
1.250000000000000069e-02 2.638000000000000067e-02
0.000000000000000000e+00 0.000000000000000000e+00
1.250000000000000069e-02 -1.512999999999999935e-02
2.500000000000000139e-02 -1.824999999999999886e-02
5.000000000000000278e-02 -2.149999999999999828e-02
7.499999999999999722e-02 -2.324999999999999983e-02
1.000000000000000056e-01 -2.400000000000000050e-02
1.499999999999999944e-01 -2.450000000000000094e-02
2.000000000000000111e-01 -2.350000000000000006e-02
2.999999999999999889e-01 -2.100000000000000130e-02
4.000000000000000222e-01 -1.600000000000000033e-02
5.000000000000000000e-01 -1.099999999999999936e-02
5.999999999999999778e-01 -6.499999999999999702e-03
6.999999999999999556e-01 -3.500000000000000073e-03
8.000000000000000444e-01 -1.500000000000000031e-03
9.000000000000000222e-01 -5.000000000000000104e-04
9.499999999999999556e-01 0.000000000000000000e+00
1.000000000000000000e+00 0.000000000000000000e+00
