1.000000000000000000e+00 1.049999999999999935e-03
9.498199999999999976e-01 1.324999999999999963e-02
8.996600999999999626e-01 2.435000000000000012e-02
7.993400000000000505e-01 4.705000000000000154e-02
6.990699999999999692e-01 6.654999999999999805e-02
5.988200000000000189e-01 8.444999999999999729e-02
4.986599999999999921e-01 9.596000000000000363e-02
3.985600000000000254e-01 1.031600000000000017e-01
2.985700000000000021e-01 1.028700000000000031e-01
1.986799999999999955e-01 9.496999999999999886e-02
1.488200000000000078e-01 8.468000000000000527e-02
9.901999999999999691e-02 6.998000000000000054e-02
7.416000000000000369e-02 6.003000000000000003e-02
4.932999999999999885e-02 2.789000000000000160e-02
2.454999999999999891e-02 3.253999999999999948e-02
1.217999999999999985e-02 2.266999999999999918e-02
0.000000000000000000e+00 0.000000000000000000e+00
1.268000000000000030e-02 -1.272000000000000040e-02
2.520000000000000018e-02 -1.464999999999999983e-02
5.020000000000000157e-02 -1.430000000000000021e-02
7.519000000000000683e-02 -1.345000000000000015e-02
1.001699999999999952e-01 -1.250000000000000069e-02
1.501200000000000034e-01 -8.609999999999999598e-03
2.000699999999999978e-01 -5.210000000000000221e-03
2.999899999999999789e-01 9.799999999999999684e-04
3.999199999999999977e-01 5.579999999999999891e-03
4.998900000000000010e-01 8.070000000000000784e-03
5.998799999999999688e-01 8.370000000000000703e-03
6.998999999999999666e-01 7.259999999999999960e-03
7.999199999999999644e-01 5.859999999999999758e-03
8.999599999999999822e-01 2.949999999999999931e-03
9.499800000000000466e-01 1.250000000000000026e-03
1.000000000000000000e+00 -1.049999999999999935e-03
