1.000000000000000000e+00 0.000000000000000000e+00
9.499999999999999556e-01 1.841999999999999887e-02
9.000000000000000222e-01 3.584999999999999992e-02
8.000000000000000444e-01 6.769999999999999629e-02
6.999999999999999556e-01 9.554999999999999605e-02
5.999999999999999778e-01 1.189000000000000057e-01
5.000000000000000000e-01 1.342500000000000082e-01
4.000000000000000222e-01 1.421000000000000041e-01
2.999999999999999889e-01 1.409499999999999920e-01
2.000000000000000111e-01 1.282999999999999974e-01
1.499999999999999944e-01 1.162300000000000000e-01
1.000000000000000056e-01 9.715000000000000024e-02
7.499999999999999722e-02 8.586000000000000576e-02
5.000000000000000278e-02 7.008000000000000340e-02
2.500000000000000139e-02 4.828999999999999959e-02
1.250000000000000069e-02 3.214000000000000190e-02
0.000000000000000000e+00 0.000000000000000000e+00
1.250000000000000069e-02 -2.086000000000000007e-02
2.500000000000000139e-02 -2.820999999999999897e-02
5.000000000000000278e-02 -3.493000000000000271e-02
7.499999999999999722e-02 -3.914000000000000118e-02
1.000000000000000056e-01 -4.134999999999999787e-02
1.499999999999999944e-01 -4.277999999999999858e-02
2.000000000000000111e-01 -4.120000000000000051e-02
2.999999999999999889e-01 -3.404999999999999694e-02
4.000000000000000222e-01 -2.489999999999999852e-02
5.000000000000000000e-01 -1.625000000000000056e-02
5.999999999999999778e-01 -8.600000000000000006e-03
6.999999999999999556e-01 -3.449999999999999942e-03
8.000000000000000444e-01 -8.000000000000000383e-04
9.000000000000000222e-01 -6.499999999999999702e-04
9.499999999999999556e-01 -5.800000000000000034e-04
1.000000000000000000e+00 0.000000000000000000e+00
