1.000000000000000000e+00 2.000000000000000042e-03
9.498999999999999666e-01 1.261999999999999927e-02
8.998399999999999732e-01 2.103999999999999967e-02
7.997199999999999864e-01 3.647999999999999854e-02
6.996200000000000196e-01 4.952000000000000152e-02
5.995700000000000474e-01 5.850999999999999951e-02
4.995100000000000096e-01 6.419999999999999318e-02
3.994900000000000118e-01 6.764000000000000568e-02
2.994800000000000240e-01 6.797999999999999876e-02
1.995099999999999929e-01 6.442000000000000504e-02
1.495400000000000063e-01 6.004000000000000309e-02
9.959999999999999409e-02 5.235999999999999682e-02
7.464999999999999414e-02 4.596999999999999698e-02
4.973000000000000337e-02 3.608000000000000096e-02
2.484000000000000097e-02 2.119000000000000050e-02
1.240999999999999916e-02 1.149000000000000021e-02
0.000000000000000000e+00 0.000000000000000000e+00
1.255000000000000039e-02 -6.100000000000000387e-03
2.504999999999999935e-02 -8.609999999999999598e-03
5.007000000000000339e-02 -9.220000000000000764e-03
7.506999999999999784e-02 -9.029999999999999832e-03
1.000599999999999962e-01 -8.240000000000000796e-03
1.500299999999999967e-01 -4.550000000000000225e-03
2.000099999999999933e-01 -1.280000000000000105e-03
2.999800000000000244e-01 2.279999999999999909e-03
3.999699999999999922e-01 4.239999999999999845e-03
4.999799999999999800e-01 2.099999999999999870e-03
5.999999999999999778e-01 -5.400000000000000069e-04
7.000199999999999756e-01 -2.579999999999999828e-03
8.000300000000000189e-01 -3.520000000000000125e-03
9.000200000000000422e-01 -2.759999999999999867e-03
9.500199999999999756e-01 -2.380000000000000171e-03
1.000000000000000000e+00 -2.000000000000000042e-03
