1.000000000000000000e+00 0.000000000000000000e+00
9.495999999999999996e-01 1.515999999999999986e-02
8.992400000000000393e-01 2.883000000000000146e-02
7.985499999999999821e-01 5.466000000000000025e-02
6.979300000000000503e-01 7.799999999999999989e-02
5.974199999999999511e-01 9.732999999999999985e-02
4.970399999999999818e-01 1.116700000000000054e-01
3.967800000000000216e-01 1.215100000000000069e-01
2.967699999999999783e-01 1.218599999999999961e-01
1.969899999999999984e-01 1.137200000000000016e-01
1.472299999999999998e-01 1.044000000000000067e-01
9.764000000000000457e-02 8.909000000000000252e-02
7.292999999999999483e-02 7.792999999999999927e-02
4.830999999999999878e-02 6.378000000000000336e-02
2.377999999999999906e-02 4.612999999999999740e-02
1.170999999999999992e-02 2.980999999999999969e-02
0.000000000000000000e+00 0.000000000000000000e+00
1.289000000000000042e-02 -1.465999999999999942e-02
2.549999999999999836e-02 -1.881999999999999992e-02
5.056000000000000077e-02 -2.116000000000000172e-02
7.560000000000000053e-02 -2.249999999999999917e-02
1.006100000000000050e-01 -2.282999999999999960e-02
1.506000000000000116e-01 -2.250999999999999876e-02
2.005399999999999960e-01 -2.018999999999999961e-02
3.003899999999999904e-01 -1.454000000000000084e-02
4.002499999999999947e-01 -9.390000000000000777e-03
5.001400000000000290e-01 -5.250000000000000326e-03
6.000600000000000378e-01 -2.099999999999999870e-03
6.999999999999999556e-01 5.000000000000000240e-05
7.999899999999999789e-01 2.000000000000000096e-04
8.999899999999999567e-01 3.499999999999999964e-04
9.499999999999999556e-01 1.700000000000000122e-04
1.000000000000000000e+00 0.000000000000000000e+00
