1.000000000000000000e+00 0.000000000000000000e+00
9.499300000000000521e-01 1.729999999999999941e-02
8.998899999999999677e-01 2.659999999999999865e-02
7.998399999999999954e-01 4.120000000000000051e-02
6.997799999999999576e-01 5.380000000000000060e-02
5.997400000000000508e-01 6.539999999999999980e-02
4.996999999999999775e-01 7.449999999999999678e-02
3.996799999999999797e-01 7.960000000000000409e-02
2.996800000000000019e-01 8.019999999999999352e-02
1.997099999999999986e-01 7.330000000000000404e-02
1.497400000000000120e-01 6.610000000000000597e-02
9.977999999999999370e-02 5.589999999999999830e-02
7.480000000000000537e-02 4.880000000000000310e-02
4.984999999999999848e-02 3.869999999999999829e-02
2.488999999999999893e-02 2.659999999999999865e-02
1.243000000000000008e-02 1.805000000000000007e-02
0.000000000000000000e+00 0.000000000000000000e+00
1.254000000000000080e-02 -8.949999999999999623e-03
2.504999999999999935e-02 -1.140000000000000041e-02
5.004000000000000115e-02 -9.299999999999999239e-03
7.502999999999999947e-02 -7.199999999999999803e-03
1.000199999999999978e-01 -4.599999999999999922e-03
1.499999999999999944e-01 -8.999999999999999754e-04
1.999900000000000011e-01 1.299999999999999940e-03
2.999899999999999789e-01 2.700000000000000143e-03
3.999900000000000122e-01 3.099999999999999891e-03
4.999899999999999900e-01 2.500000000000000052e-03
5.999900000000000233e-01 1.399999999999999986e-03
6.999999999999999556e-01 -2.000000000000000096e-04
8.000099999999999989e-01 -2.299999999999999961e-03
9.000200000000000422e-01 -4.899999999999999842e-03
9.500300000000000411e-01 -6.700000000000000226e-03
1.000000000000000000e+00 0.000000000000000000e+00
