1.000000000000000000e+00 1.750000000000000036e-03
9.496999999999999886e-01 1.141999999999999960e-02
8.994499999999999718e-01 2.089999999999999844e-02
7.989800000000000235e-01 3.864999999999999686e-02
6.985198999999999714e-01 5.630999999999999894e-02
5.980999999999999650e-01 7.216000000000000192e-02
4.978000000000000203e-01 8.351999999999999702e-02
3.976999999999999980e-01 8.737999999999999934e-02
2.978100000000000191e-01 8.325000000000000455e-02
1.981600000000000028e-01 7.001999999999999891e-02
1.484000000000000041e-01 6.081000000000000294e-02
9.872000000000000219e-02 4.839999999999999858e-02
7.395000000000000184e-02 3.984999999999999654e-02
4.918999999999999762e-02 3.070000000000000159e-02
2.450000000000000094e-02 1.884999999999999870e-02
1.218999999999999945e-02 1.171999999999999952e-02
0.000000000000000000e+00 0.000000000000000000e+00
1.271000000000000081e-02 -8.070000000000000784e-03
2.535000000000000100e-02 -1.342999999999999923e-02
5.052999999999999853e-02 -2.026999999999999982e-02
7.563000000000000278e-02 -2.401000000000000009e-02
1.006699999999999956e-01 -2.545000000000000040e-02
1.505599999999999994e-01 -2.132999999999999827e-02
2.004299999999999971e-01 -1.632000000000000117e-02
3.002600000000000269e-01 -9.690000000000000696e-03
4.001600000000000157e-01 -5.760000000000000363e-03
5.000599999999999490e-01 -2.320000000000000014e-03
6.000100000000000433e-01 -2.900000000000000017e-04
6.999800000000000466e-01 8.400000000000000348e-04
7.999699999999999589e-01 9.799999999999999684e-04
9.000000000000000222e-01 -1.800000000000000113e-04
9.500300000000000411e-01 -1.069999999999999988e-03
1.000000000000000000e+00 -1.750000000000000036e-03
