1.000000000000000000e+00 1.049999999999999935e-03
9.497400000000000286e-01 1.273999999999999959e-02
8.995499999999999607e-01 2.232999999999999916e-02
7.991599999999999815e-01 4.150000000000000216e-02
6.988400000000000167e-01 5.748000000000000331e-02
5.985399999999999610e-01 7.235999999999999377e-02
4.983899999999999997e-01 8.217000000000000692e-02
3.982200000000000184e-01 8.841999999999999860e-02
2.981699999999999906e-01 9.060999999999999610e-02
1.983199999999999963e-01 8.329999999999999905e-02
1.484999999999999931e-01 7.438999999999999779e-02
9.876999999999999669e-02 6.119000000000000133e-02
7.392999999999999572e-02 5.328999999999999709e-02
4.914999999999999925e-02 4.218999999999999834e-02
2.443999999999999992e-02 2.799000000000000099e-02
1.214999999999999934e-02 1.713999999999999899e-02
0.000000000000000000e+00 0.000000000000000000e+00
1.274999999999999918e-02 -1.243999999999999967e-02
2.530999999999999917e-02 -1.538999999999999917e-02
5.036000000000000199e-02 -1.798999999999999905e-02
7.537000000000000643e-02 -1.857999999999999929e-02
1.003899999999999931e-01 -1.917999999999999913e-02
1.503700000000000037e-01 -1.866999999999999910e-02
2.003500000000000003e-01 -1.716000000000000164e-02
3.002500000000000169e-01 -1.255000000000000039e-02
4.001799999999999802e-01 -8.940000000000000030e-03
5.001200000000000090e-01 -5.819999999999999653e-03
6.000600000000000378e-01 -2.809999999999999998e-03
7.000399999999999956e-01 -1.789999999999999925e-03
8.000300000000000189e-01 -1.379999999999999933e-03
9.000200000000000422e-01 -9.600000000000000243e-04
9.500199999999999756e-01 -9.600000000000000243e-04
1.000000000000000000e+00 -1.049999999999999935e-03
