1.000000000000000000e+00 0.000000000000000000e+00
9.496400000000000396e-01 1.021999999999999992e-02
8.992999999999999883e-01 1.994999999999999898e-02
7.986600000000000366e-01 3.808999999999999886e-02
6.980800000000000338e-01 5.433999999999999941e-02
5.976399999999999491e-01 6.700000000000000400e-02
4.973600000000000243e-01 7.475999999999999313e-02
3.972600000000000020e-01 7.761999999999999456e-02
2.973799999999999777e-01 7.409999999999999920e-02
1.978199999999999958e-01 6.167999999999999872e-02
1.481800000000000062e-01 5.163000000000000228e-02
9.861999999999999933e-02 3.917999999999999955e-02
7.385999999999999510e-02 3.230999999999999844e-02
4.918999999999999762e-02 2.293999999999999859e-02
2.453999999999999931e-02 1.307000000000000002e-02
1.225000000000000047e-02 7.130000000000000053e-03
0.000000000000000000e+00 0.000000000000000000e+00
1.271000000000000081e-02 -5.850000000000000165e-03
2.534000000000000141e-02 -9.709999999999999881e-03
5.057999999999999996e-02 -1.651000000000000037e-02
7.574999999999999789e-02 -2.132999999999999827e-02
1.008700000000000013e-01 -2.474000000000000157e-02
1.509699999999999931e-01 -2.747000000000000136e-02
2.010000000000000120e-01 -2.819999999999999937e-02
3.007500000000000173e-01 -2.118000000000000091e-02
4.003800000000000137e-01 -1.067000000000000066e-02
5.001600000000000490e-01 -4.640000000000000027e-03
6.000199999999999978e-01 -6.199999999999999999e-04
6.999699999999999811e-01 9.100000000000000016e-04
7.999500000000000499e-01 1.340000000000000045e-03
8.999800000000000022e-01 6.700000000000000226e-04
9.499900000000000011e-01 3.299999999999999982e-04
1.000000000000000000e+00 0.000000000000000000e+00
