1.000000000000000000e+00 0.000000000000000000e+00
9.499999999999999556e-01 7.669999999999999735e-03
9.000000000000000222e-01 1.485000000000000035e-02
8.000000000000000444e-01 2.819999999999999937e-02
6.999999999999999556e-01 4.154999999999999666e-02
5.999999999999999778e-01 5.240000000000000213e-02
5.000000000000000000e-01 6.135000000000000175e-02
4.000000000000000222e-01 6.460000000000000464e-02
2.999999999999999889e-01 6.345000000000000639e-02
2.000000000000000111e-01 5.630000000000000282e-02
1.499999999999999944e-01 4.898000000000000270e-02
1.000000000000000056e-01 3.964999999999999775e-02
7.499999999999999722e-02 3.398999999999999938e-02
5.000000000000000278e-02 2.733000000000000013e-02
2.500000000000000139e-02 1.915999999999999995e-02
1.250000000000000069e-02 1.307999999999999961e-02
0.000000000000000000e+00 0.000000000000000000e+00
1.250000000000000069e-02 -7.420000000000000380e-03
2.500000000000000139e-02 -7.340000000000000170e-03
5.000000000000000278e-02 -5.170000000000000116e-03
7.499999999999999722e-02 -3.010000000000000089e-03
1.000000000000000056e-01 -3.499999999999999964e-04
1.499999999999999944e-01 4.470000000000000015e-03
2.000000000000000111e-01 7.799999999999999642e-03
2.999999999999999889e-01 1.244999999999999926e-02
4.000000000000000222e-01 1.460000000000000013e-02
5.000000000000000000e-01 1.375000000000000007e-02
5.999999999999999778e-01 1.190000000000000085e-02
6.999999999999999556e-01 8.550000000000000308e-03
8.000000000000000444e-01 5.199999999999999761e-03
9.000000000000000222e-01 1.850000000000000082e-03
9.499999999999999556e-01 1.800000000000000113e-04
1.000000000000000000e+00 0.000000000000000000e+00
