1.000000000000000000e+00 2.500000000000000052e-03
9.498999999999999666e-01 1.187000000000000034e-02
8.998199999999999532e-01 2.135000000000000092e-02
7.996600000000000374e-01 4.039999999999999841e-02
6.995099999999999651e-01 5.815000000000000030e-02
5.993699999999999584e-01 7.378999999999999448e-02
4.992699999999999916e-01 8.613999999999999435e-02
3.992100000000000093e-01 9.299000000000000321e-02
2.992099999999999760e-01 9.324000000000000343e-02
1.992700000000000027e-01 8.558999999999999941e-02
1.493500000000000105e-01 7.596999999999999587e-02
9.946000000000000674e-02 6.295000000000000595e-02
7.452999999999999903e-02 5.512999999999999845e-02
4.961999999999999744e-02 4.501999999999999752e-02
2.474000000000000157e-02 3.100999999999999937e-02
1.231999999999999935e-02 2.104999999999999927e-02
0.000000000000000000e+00 0.000000000000000000e+00
1.259000000000000050e-02 -1.089000000000000037e-02
2.509000000000000119e-02 -1.078999999999999924e-02
5.006000000000000033e-02 -7.270000000000000420e-03
7.503999999999999559e-02 -4.660000000000000080e-03
1.000199999999999978e-01 -2.150000000000000001e-03
1.499800000000000022e-01 2.370000000000000145e-03
1.999400000000000066e-01 7.199999999999999803e-03
2.998799999999999799e-01 1.404999999999999999e-02
3.998499999999999832e-01 1.820000000000000090e-02
4.998299999999999965e-01 1.965000000000000080e-02
5.998499999999999943e-01 1.720000000000000001e-02
6.998799999999999466e-01 1.414999999999999938e-02
7.999098999999999515e-01 1.009999999999999960e-02
8.999599999999999822e-01 4.850000000000000144e-03
9.499800000000000466e-01 1.969999999999999963e-03
1.000000000000000000e+00 -2.500000000000000052e-03
