1.000000000000000000e+00 0.000000000000000000e+00
9.499999999999999556e-01 1.322000000000000085e-02
9.000000000000000222e-01 2.444999999999999951e-02
8.000000000000000444e-01 4.540000000000000285e-02
6.999999999999999556e-01 6.235000000000000264e-02
5.999999999999999778e-01 7.630000000000000671e-02
5.000000000000000000e-01 8.525000000000000633e-02
4.000000000000000222e-01 9.120000000000000329e-02
2.999999999999999889e-01 9.214999999999999580e-02
2.000000000000000111e-01 8.659999999999999643e-02
1.499999999999999944e-01 7.932000000000000162e-02
1.000000000000000056e-01 6.654999999999999805e-02
7.499999999999999722e-02 5.766000000000000292e-02
5.000000000000000278e-02 4.576999999999999819e-02
2.500000000000000139e-02 2.938999999999999946e-02
1.250000000000000069e-02 1.819000000000000131e-02
0.000000000000000000e+00 0.000000000000000000e+00
1.250000000000000069e-02 -1.180999999999999932e-02
2.500000000000000139e-02 -1.410999999999999928e-02
5.000000000000000278e-02 -1.422999999999999959e-02
7.499999999999999722e-02 -1.434000000000000032e-02
1.000000000000000056e-01 -1.395000000000000059e-02
1.499999999999999944e-01 -1.316999999999999942e-02
2.000000000000000111e-01 -1.239999999999999956e-02
2.999999999999999889e-01 -1.085000000000000027e-02
4.000000000000000222e-01 -9.299999999999999239e-03
5.000000000000000000e-01 -7.749999999999999944e-03
5.999999999999999778e-01 -6.199999999999999782e-03
6.999999999999999556e-01 -4.649999999999999620e-03
8.000000000000000444e-01 -3.099999999999999891e-03
9.000000000000000222e-01 -1.549999999999999946e-03
9.499999999999999556e-01 -7.799999999999999859e-04
1.000000000000000000e+00 0.000000000000000000e+00
