1.000000000000000000e+00 2.000000000000000042e-03
9.494799999999999907e-01 1.294999999999999971e-02
8.990500000000000158e-01 2.341000000000000025e-02
7.982900000000000551e-01 4.232999999999999957e-02
6.976599999999999469e-01 5.775999999999999884e-02
5.971999999999999531e-01 6.919000000000000150e-02
4.968799999999999883e-01 7.711999999999999411e-02
3.967399999999999816e-01 8.057000000000000273e-02
2.968199999999999728e-01 7.852000000000000646e-02
1.972099999999999964e-01 6.898999999999999577e-02
1.475499999999999867e-01 6.047999999999999904e-02
9.805999999999999439e-02 4.796999999999999875e-02
7.338000000000000078e-02 3.996999999999999859e-02
4.875000000000000167e-02 3.097000000000000100e-02
2.418999999999999970e-02 1.998000000000000123e-02
1.196999999999999974e-02 1.298000000000000022e-02
0.000000000000000000e+00 0.000000000000000000e+00
1.284000000000000072e-02 -8.479999999999999691e-03
2.551000000000000142e-02 -1.247000000000000018e-02
5.075000000000000344e-02 -1.844000000000000153e-02
7.591000000000000525e-02 -2.242999999999999855e-02
1.010299999999999948e-01 -2.540999999999999856e-02
1.511500000000000066e-01 -2.837999999999999898e-02
2.012100000000000000e-01 -2.985000000000000153e-02
3.011900000000000133e-01 -2.929999999999999966e-02
4.010600000000000276e-01 -2.625999999999999862e-02
5.008799999999999919e-01 -2.171000000000000013e-02
6.007000000000000117e-01 -1.717000000000000123e-02
7.004700000000000371e-01 -1.162999999999999971e-02
8.002899999999999459e-01 -7.089999999999999948e-03
9.001599999999999602e-01 -4.040000000000000188e-03
9.500999999999999446e-01 -2.520000000000000104e-03
1.000000000000000000e+00 -2.000000000000000042e-03
