1.000000000000000000e+00 7.500000000000000156e-04
9.498799999999999466e-01 1.142999999999999919e-02
8.997600000000000042e-01 2.270000000000000143e-02
7.995400000000000285e-01 4.415999999999999787e-02
6.993200000000000527e-01 6.490999999999999548e-02
5.991100000000000314e-01 8.355999999999999539e-02
4.990399999999999836e-01 9.200999999999999457e-02
3.990099999999999758e-01 9.496999999999999886e-02
2.990300000000000180e-01 9.242000000000000215e-02
1.991400000000000114e-01 8.187999999999999445e-02
1.492499999999999938e-01 7.216000000000000192e-02
9.937999999999999612e-02 5.933999999999999692e-02
7.445999999999999841e-02 5.158000000000000085e-02
4.957000000000000295e-02 4.152000000000000135e-02
2.469999999999999973e-02 2.845999999999999919e-02
1.230000000000000017e-02 1.892999999999999891e-02
0.000000000000000000e+00 0.000000000000000000e+00
1.260000000000000009e-02 -9.570000000000000381e-03
2.511000000000000038e-02 -1.094000000000000007e-02
5.009999999999999870e-02 -9.280000000000000054e-03
7.505000000000000560e-02 -4.420000000000000318e-03
9.998999999999999555e-02 1.340000000000000045e-03
1.498800000000000132e-01 1.187000000000000034e-02
1.997800000000000131e-01 2.088999999999999885e-02
2.996500000000000274e-01 3.393000000000000183e-02
3.995600000000000263e-01 4.247999999999999693e-02
4.994999999999999996e-01 4.751999999999999974e-02
5.994899999999999674e-01 4.836000000000000021e-02
6.996299999999999741e-01 3.561000000000000276e-02
7.997600000000000264e-01 2.316000000000000003e-02
8.998899999999999677e-01 1.039999999999999952e-02
9.499499999999999611e-01 4.930000000000000354e-03
1.000000000000000000e+00 -7.500000000000000156e-04
