1.000000000000000000e+00 7.500000000000000156e-04
9.498999999999999666e-01 9.190000000000000252e-03
8.997899999999999787e-01 1.862000000000000113e-02
7.995900000000000230e-01 3.679999999999999938e-02
6.993901000000000145e-01 5.387000000000000122e-02
5.991999999999999549e-01 7.094000000000000306e-02
4.990999999999999881e-01 8.011000000000000065e-02
3.990500000000000158e-01 8.469000000000000139e-02
2.990499999999999825e-01 8.486000000000000487e-02
1.991400000000000114e-01 7.674000000000000266e-02
1.492300000000000015e-01 6.818000000000000449e-02
9.937000000000000000e-02 5.612000000000000322e-02
7.445000000000000229e-02 4.884000000000000147e-02
4.954999999999999682e-02 3.955999999999999794e-02
2.469999999999999973e-02 2.678000000000000172e-02
1.230000000000000017e-02 1.813999999999999987e-02
0.000000000000000000e+00 0.000000000000000000e+00
1.260999999999999968e-02 -9.860000000000000708e-03
2.512999999999999956e-02 -1.122000000000000081e-02
5.011999999999999789e-02 -1.064000000000000015e-02
7.507999999999999396e-02 -6.960000000000000041e-03
1.000100000000000017e-01 -8.700000000000000051e-04
1.499099999999999877e-01 8.189999999999999364e-03
1.998199999999999976e-01 1.575000000000000011e-02
2.997000000000000219e-01 2.687000000000000152e-02
3.996299999999999852e-01 3.300000000000000155e-02
4.995999999999999885e-01 3.561999999999999889e-02
5.996099999999999763e-01 3.454999999999999738e-02
6.997200000000000086e-01 2.457000000000000156e-02
7.998300000000000409e-01 1.540000000000000049e-02
8.999298999999999493e-01 6.620000000000000016e-03
9.499800000000000466e-01 2.190000000000000106e-03
1.000000000000000000e+00 -7.500000000000000156e-04
