1.000000000000000000e+00 0.000000000000000000e+00
9.499999999999999556e-01 1.159999999999999920e-02
9.000000000000000222e-01 2.220000000000000098e-02
8.000000000000000444e-01 4.039999999999999841e-02
6.999999999999999556e-01 5.759999999999999842e-02
5.999999999999999778e-01 7.180000000000000271e-02
5.000000000000000000e-01 8.300000000000000433e-02
4.000000000000000222e-01 8.920000000000000151e-02
2.999999999999999889e-01 9.039999999999999425e-02
2.000000000000000111e-01 8.359999999999999376e-02
1.499999999999999944e-01 7.420000000000000207e-02
1.000000000000000056e-01 6.079999999999999988e-02
7.499999999999999722e-02 5.160000000000000003e-02
5.000000000000000278e-02 4.139999999999999930e-02
2.500000000000000139e-02 2.620000000000000107e-02
1.250000000000000069e-02 1.710000000000000062e-02
0.000000000000000000e+00 0.000000000000000000e+00
1.250000000000000069e-02 -5.899999999999999863e-03
2.500000000000000139e-02 -6.799999999999999621e-03
5.000000000000000278e-02 -6.599999999999999964e-03
7.499999999999999722e-02 -5.400000000000000286e-03
1.000000000000000056e-01 -3.200000000000000153e-03
1.499999999999999944e-01 2.200000000000000133e-03
2.000000000000000111e-01 5.599999999999999943e-03
2.999999999999999889e-01 1.140000000000000041e-02
4.000000000000000222e-01 1.519999999999999997e-02
5.000000000000000000e-01 1.700000000000000122e-02
5.999999999999999778e-01 1.679999999999999896e-02
6.999999999999999556e-01 1.359999999999999924e-02
8.000000000000000444e-01 9.400000000000000369e-03
9.000000000000000222e-01 5.199999999999999761e-03
9.499999999999999556e-01 2.599999999999999881e-03
1.000000000000000000e+00 0.000000000000000000e+00
