1.000000000000000000e+00 5.199999999999999761e-03
9.499999999999999556e-01 1.926999999999999894e-02
9.000000000000000222e-01 3.253999999999999948e-02
8.000000000000000444e-01 5.677999999999999714e-02
6.999999999999999556e-01 7.811999999999999500e-02
5.999999999999999778e-01 9.656000000000000694e-02
5.000000000000000000e-01 1.116000000000000048e-01
4.000000000000000222e-01 1.218400000000000039e-01
2.999999999999999889e-01 1.257800000000000029e-01
2.000000000000000111e-01 1.200200000000000017e-01
1.499999999999999944e-01 1.116899999999999976e-01
1.000000000000000056e-01 9.775999999999999968e-02
7.499999999999999722e-02 8.769000000000000405e-02
5.000000000000000278e-02 7.413000000000000145e-02
2.500000000000000139e-02 5.457000000000000045e-02
1.250000000000000069e-02 3.953000000000000264e-02
0.000000000000000000e+00 0.000000000000000000e+00
1.250000000000000069e-02 -3.946999999999999814e-02
2.500000000000000139e-02 -5.444000000000000228e-02
5.000000000000000278e-02 -7.387000000000000510e-02
7.499999999999999722e-02 -8.730999999999999872e-02
1.000000000000000056e-01 -9.723999999999999311e-02
1.499999999999999944e-01 -1.109099999999999947e-01
2.000000000000000111e-01 -1.189800000000000024e-01
2.999999999999999889e-01 -1.242199999999999971e-01
4.000000000000000222e-01 -1.197600000000000053e-01
5.000000000000000000e-01 -1.089999999999999997e-01
5.999999999999999778e-01 -9.343999999999999528e-02
6.999999999999999556e-01 -7.448000000000000453e-02
8.000000000000000444e-01 -5.262000000000000011e-02
9.000000000000000222e-01 -2.785999999999999935e-02
9.499999999999999556e-01 -1.433000000000000072e-02
1.000000000000000000e+00 0.000000000000000000e+00
