1.000000000000000000e+00 1.000000000000000021e-03
9.498299999999999521e-01 1.188999999999999953e-02
8.997199999999999642e-01 1.977999999999999897e-02
7.994900000000000340e-01 3.624999999999999750e-02
6.993000000000000327e-01 4.982999999999999929e-02
5.991199999999999859e-01 6.210999999999999854e-02
4.990100000000000091e-01 6.938999999999999335e-02
3.989400000000000168e-01 7.445999999999999841e-02
2.989299999999999735e-01 7.524000000000000132e-02
1.990099999999999925e-01 7.002999999999999503e-02
1.491099999999999925e-01 6.282000000000000084e-02
9.925000000000000488e-02 5.290999999999999870e-02
7.437000000000000555e-02 4.435999999999999666e-02
4.948999999999999927e-02 3.590000000000000135e-02
2.467000000000000096e-02 2.305000000000000104e-02
1.227999999999999925e-02 1.536999999999999998e-02
0.000000000000000000e+00 0.000000000000000000e+00
1.267000000000000071e-02 -1.231999999999999935e-02
2.519000000000000059e-02 -1.423999999999999919e-02
5.020999999999999769e-02 -1.448999999999999941e-02
7.517999999999999683e-02 -1.252999999999999947e-02
1.001200000000000007e-01 -8.380000000000000296e-03
1.500299999999999967e-01 -2.269999999999999882e-03
1.999499999999999889e-01 3.640000000000000006e-03
2.998000000000000109e-01 1.396000000000000019e-02
3.997499999999999942e-01 1.757999999999999841e-02
4.997500000000000275e-01 1.789999999999999925e-02
5.997900000000000453e-01 1.502000000000000036e-02
6.998299999999999521e-01 1.204000000000000035e-02
7.998699999999999699e-01 9.159999999999999740e-03
8.999298999999999493e-01 5.179999999999999709e-03
9.499499999999999611e-01 2.279999999999999909e-03
1.000000000000000000e+00 -1.000000000000000021e-03
