1.000000000000000000e+00 0.000000000000000000e+00
9.498900000000000121e-01 1.149999999999999981e-02
8.997800000000000242e-01 2.199999999999999872e-02
7.995900000000000230e-01 4.100000000000000172e-02
6.994000000000000217e-01 5.999000000000000166e-02
5.992800000000000349e-01 7.449000000000000066e-02
4.991499999999999826e-01 8.548999999999999655e-02
3.990799999999999903e-01 9.199000000000000232e-02
2.991099999999999870e-01 8.878999999999999393e-02
1.991799999999999959e-01 8.008999999999999453e-02
1.492900000000000060e-01 7.148999999999999799e-02
9.941999999999999449e-02 5.798999999999999988e-02
7.449000000000000066e-02 5.074000000000000038e-02
4.959000000000000213e-02 4.050000000000000128e-02
1.480000000000000066e-02 2.015000000000000124e-02
0.000000000000000000e+00 0.000000000000000000e+00
1.510000000000000057e-02 -9.849999999999999381e-03
5.007999999999999952e-02 -8.500000000000000611e-03
7.506000000000000172e-02 -6.250000000000000347e-03
1.000299999999999939e-01 -2.799999999999999972e-03
1.499600000000000100e-01 3.099999999999999891e-03
1.999299999999999966e-01 7.000000000000000146e-03
2.998799999999999799e-01 1.220000000000000077e-02
3.998599999999999932e-01 1.400000000000000029e-02
4.998600000000000265e-01 1.400000000000000029e-02
5.998900000000000343e-01 1.200000000000000025e-02
6.999100000000000321e-01 8.999999999999999320e-03
7.999600000000000044e-01 4.499999999999999660e-03
9.000000000000000222e-01 0.000000000000000000e+00
9.500100000000000211e-01 -5.000000000000000104e-04
1.000000000000000000e+00 0.000000000000000000e+00
