1.000000000000000000e+00 0.000000000000000000e+00
9.498999999999999666e-01 9.469999999999999252e-03
8.998099999999999987e-01 1.795000000000000068e-02
7.996499999999999719e-01 3.289999999999999869e-02
6.995000000000000107e-01 4.784000000000000058e-02
5.993699999999999584e-01 5.979000000000000287e-02
4.992800000000000016e-01 6.823999999999999511e-02
3.992200000000000193e-01 7.419000000000000594e-02
2.992099999999999760e-01 7.513999999999999846e-02
1.992899999999999949e-01 6.758999999999999730e-02
1.493700000000000028e-01 5.956999999999999795e-02
9.950000000000000511e-02 4.803999999999999937e-02
7.457999999999999352e-02 3.978000000000000286e-02
4.968000000000000194e-02 3.002000000000000154e-02
2.480999999999999872e-02 1.825999999999999845e-02
1.238999999999999997e-02 1.063000000000000056e-02
0.000000000000000000e+00 0.000000000000000000e+00
1.257999999999999917e-02 -7.870000000000000259e-03
2.510000000000000078e-02 -9.740000000000000394e-03
5.009999999999999870e-02 -9.969999999999999696e-03
7.509000000000000397e-02 -8.710000000000000728e-03
1.000700000000000062e-01 -6.450000000000000004e-03
1.500199999999999867e-01 -1.920000000000000049e-03
1.999799999999999911e-01 2.099999999999999870e-03
2.999100000000000099e-01 8.649999999999999703e-03
3.998700000000000032e-01 1.220000000000000077e-02
4.998600000000000265e-01 1.375000000000000007e-02
5.998700000000000143e-01 1.280000000000000061e-02
6.998900000000000121e-01 1.034999999999999983e-02
7.999199999999999644e-01 7.400000000000000328e-03
8.999599999999999822e-01 3.950000000000000386e-03
9.499800000000000466e-01 1.969999999999999963e-03
1.000000000000000000e+00 0.000000000000000000e+00
