1.000000000000000000e+00 0.000000000000000000e+00
9.499999999999999556e-01 2.060000000000000026e-02
9.000000000000000222e-01 3.869999999999999829e-02
8.000000000000000444e-01 7.190000000000000557e-02
6.999999999999999556e-01 1.015999999999999959e-01
5.999999999999999778e-01 1.252999999999999947e-01
5.000000000000000000e-01 1.414999999999999869e-01
4.000000000000000222e-01 1.496999999999999997e-01
2.999999999999999889e-01 1.479000000000000037e-01
2.000000000000000111e-01 1.360999999999999988e-01
1.499999999999999944e-01 1.227000000000000035e-01
1.000000000000000056e-01 1.043000000000000038e-01
7.499999999999999722e-02 9.135000000000000064e-02
5.000000000000000278e-02 7.539999999999999480e-02
2.500000000000000139e-02 5.344999999999999751e-02
1.250000000000000069e-02 3.772999999999999965e-02
0.000000000000000000e+00 0.000000000000000000e+00
1.250000000000000069e-02 -3.026999999999999830e-02
2.500000000000000139e-02 -4.154999999999999666e-02
5.000000000000000278e-02 -5.009999999999999870e-02
7.499999999999999722e-02 -5.265000000000000235e-02
1.000000000000000056e-01 -5.220000000000000334e-02
1.499999999999999944e-01 -4.580000000000000043e-02
2.000000000000000111e-01 -3.440000000000000002e-02
2.999999999999999889e-01 -6.100000000000000387e-03
4.000000000000000222e-01 2.220000000000000098e-02
5.000000000000000000e-01 4.349999999999999700e-02
5.999999999999999778e-01 5.630000000000000282e-02
6.999999999999999556e-01 5.960000000000000020e-02
8.000000000000000444e-01 5.140000000000000124e-02
9.000000000000000222e-01 3.119999999999999857e-02
9.499999999999999556e-01 1.660000000000000017e-02
1.000000000000000000e+00 0.000000000000000000e+00
