1.000000000000000000e+00 0.000000000000000000e+00
9.489199999999999857e-01 2.026999999999999982e-02
8.979399999999999604e-01 3.853999999999999787e-02
7.962200000000000388e-01 7.059999999999999609e-02
6.947200000000000042e-01 9.866999999999999382e-02
5.934899999999999620e-01 1.217499999999999971e-01
4.925499999999999878e-01 1.393500000000000016e-01
3.919500000000000206e-01 1.504699999999999926e-01
2.918899999999999828e-01 1.516200000000000048e-01
1.926299999999999957e-01 1.378099999999999881e-01
1.433899999999999897e-01 1.236700000000000021e-01
9.460000000000000353e-02 1.010599999999999971e-01
7.027999999999999525e-02 8.826000000000000512e-02
4.628999999999999782e-02 6.948000000000000009e-02
2.261000000000000162e-02 4.470999999999999974e-02
1.097000000000000058e-02 2.859000000000000083e-02
0.000000000000000000e+00 0.000000000000000000e+00
1.363999999999999935e-02 -2.127000000000000071e-02
2.308999999999999941e-02 -2.530999999999999917e-02
5.186000000000000332e-02 -3.472999999999999698e-02
7.714000000000000024e-02 -3.987000000000000266e-02
1.022499999999999937e-01 -4.202999999999999792e-02
1.523700000000000054e-01 -4.435000000000000053e-02
2.022799999999999876e-01 -4.268000000000000266e-02
3.018899999999999917e-01 -3.534999999999999948e-02
4.013900000000000245e-01 -2.603000000000000105e-02
5.008899999999999464e-01 -1.669999999999999957e-02
6.004800000000000137e-01 -8.869999999999999413e-03
7.001899000000000317e-01 -3.540000000000000178e-03
8.000099999999999989e-01 -2.000000000000000096e-04
9.005300000000000527e-01 -6.499999999999999702e-04
9.499800000000000466e-01 3.200000000000000262e-04
1.000000000000000000e+00 0.000000000000000000e+00
