1.000000000000000000e+00 1.250000000000000026e-03
9.499499999999999611e-01 8.330000000000000598e-03
8.999000000000000332e-01 1.519999999999999997e-02
7.997999999999999554e-01 3.065999999999999975e-02
6.997100000000000541e-01 4.490999999999999853e-02
5.996299999999999963e-01 5.696999999999999981e-02
4.995700000000000141e-01 6.732000000000000484e-02
3.995299999999999963e-01 7.388000000000000123e-02
2.994999999999999885e-01 7.713000000000000411e-02
1.995300000000000129e-01 7.259000000000000175e-02
1.495799999999999907e-01 6.565999999999999615e-02
9.964000000000000634e-02 5.593999999999999667e-02
7.469000000000000639e-02 4.807999999999999774e-02
4.975999999999999868e-02 3.792000000000000232e-02
2.483000000000000138e-02 2.565999999999999878e-02
1.238000000000000038e-02 1.838000000000000050e-02
0.000000000000000000e+00 0.000000000000000000e+00
1.255000000000000039e-02 -7.620000000000000037e-03
2.504999999999999935e-02 -7.539999999999999827e-03
5.004000000000000115e-02 -6.779999999999999569e-03
7.503999999999999559e-02 -5.519999999999999733e-03
1.000299999999999939e-01 -4.250000000000000305e-03
1.500199999999999867e-01 -2.330000000000000040e-03
2.000000000000000111e-01 -3.099999999999999999e-04
2.999700000000000144e-01 4.129999999999999991e-03
3.999599999999999822e-01 5.980000000000000072e-03
4.999600000000000155e-01 6.620000000000000016e-03
5.999600000000000488e-01 5.570000000000000298e-03
6.999800000000000466e-01 3.409999999999999837e-03
7.999800000000000244e-01 1.569999999999999998e-03
9.000000000000000222e-01 -1.900000000000000105e-04
9.500100000000000211e-01 -9.700000000000000505e-04
1.000000000000000000e+00 -1.250000000000000026e-03
