1.000000000000000000e+00 1.350000000000000071e-03
9.498799999999999466e-01 1.431999999999999940e-02
8.997899999999999787e-01 2.477999999999999994e-02
7.995999999999999774e-01 4.642000000000000293e-02
6.994299999999999962e-01 6.554999999999999716e-02
5.993000000000000549e-01 8.128000000000000502e-02
4.991900000000000226e-01 9.382000000000000062e-02
3.991399999999999948e-01 9.944999999999999674e-02
2.991300000000000070e-01 1.001900000000000013e-01
1.992099999999999982e-01 9.181999999999999884e-02
1.492799999999999960e-01 8.279000000000000248e-02
9.940000000000000224e-02 6.936000000000000498e-02
7.446999999999999453e-02 6.113999999999999990e-02
4.957999999999999907e-02 4.902999999999999720e-02
2.469999999999999973e-02 3.420999999999999736e-02
1.230000000000000017e-02 2.261000000000000162e-02
0.000000000000000000e+00 0.000000000000000000e+00
1.259000000000000050e-02 -9.889999999999999486e-03
2.506999999999999854e-02 -8.179999999999999771e-03
5.002999999999999808e-02 -3.069999999999999812e-03
7.499000000000000110e-02 1.649999999999999991e-03
9.994999999999999718e-02 5.859999999999999758e-03
1.498899999999999955e-01 1.280000000000000061e-02
1.998300000000000076e-01 1.913000000000000117e-02
2.997799999999999909e-01 2.588999999999999982e-02
3.997700000000000142e-01 2.625999999999999862e-02
4.997900000000000120e-01 2.442000000000000073e-02
5.998099999999999543e-01 2.208999999999999853e-02
6.998499999999999721e-01 1.754999999999999963e-02
7.999000000000000554e-01 1.192000000000000004e-02
8.999500000000000277e-01 5.879999999999999810e-03
9.499800000000000466e-01 2.220000000000000185e-03
1.000000000000000000e+00 -1.350000000000000071e-03
