1.000000000000000000e+00 0.000000000000000000e+00
9.499999999999999556e-01 1.307999999999999961e-02
9.000000000000000222e-01 2.564999999999999919e-02
8.000000000000000444e-01 4.880000000000000310e-02
6.999999999999999556e-01 6.844999999999999696e-02
5.999999999999999778e-01 8.609999999999999598e-02
5.000000000000000000e-01 9.975000000000000533e-02
4.000000000000000222e-01 1.088999999999999968e-01
2.999999999999999889e-01 1.125499999999999973e-01
2.000000000000000111e-01 1.077000000000000041e-01
1.499999999999999944e-01 9.876999999999999669e-02
1.000000000000000056e-01 8.534999999999999531e-02
7.499999999999999722e-02 7.488999999999999824e-02
5.000000000000000278e-02 6.042999999999999761e-02
2.500000000000000139e-02 4.046000000000000291e-02
1.250000000000000069e-02 2.698000000000000051e-02
0.000000000000000000e+00 0.000000000000000000e+00
1.250000000000000069e-02 -1.401999999999999948e-02
2.500000000000000139e-02 -1.904000000000000137e-02
5.000000000000000278e-02 -2.408000000000000071e-02
7.499999999999999722e-02 -2.710999999999999868e-02
1.000000000000000056e-01 -2.914999999999999883e-02
1.499999999999999944e-01 -3.072000000000000078e-02
2.000000000000000111e-01 -3.030000000000000054e-02
2.999999999999999889e-01 -2.645000000000000129e-02
4.000000000000000222e-01 -2.110000000000000070e-02
5.000000000000000000e-01 -1.575000000000000011e-02
5.999999999999999778e-01 -1.140000000000000041e-02
6.999999999999999556e-01 -7.550000000000000287e-03
8.000000000000000444e-01 -4.199999999999999740e-03
9.000000000000000222e-01 -1.850000000000000082e-03
9.499999999999999556e-01 -9.300000000000000541e-04
1.000000000000000000e+00 0.000000000000000000e+00
