1.000000000000000000e+00 3.249999999999999851e-03
8.998399999999999732e-01 3.327000000000000096e-02
7.997199999999999864e-01 5.829999999999999766e-02
6.996099999999999541e-01 8.182000000000000384e-02
5.995200000000000529e-01 1.008499999999999952e-01
4.994600000000000151e-01 1.143699999999999994e-01
3.994199999999999973e-01 1.223999999999999949e-01
2.994200000000000195e-01 1.224200000000000010e-01
1.994700000000000084e-01 1.114499999999999935e-01
1.495199999999999863e-01 1.002099999999999935e-01
9.959999999999999409e-02 8.397000000000000297e-02
7.464999999999999414e-02 7.434999999999999942e-02
4.972000000000000031e-02 5.974000000000000143e-02
2.480999999999999872e-02 3.962000000000000244e-02
1.238000000000000038e-02 2.505999999999999894e-02
0.000000000000000000e+00 0.000000000000000000e+00
1.254000000000000080e-02 -7.440000000000000432e-03
2.503999999999999976e-02 -7.879999999999999852e-03
5.004000000000000115e-02 -7.760000000000000404e-03
7.503999999999999559e-02 -7.640000000000000090e-03
1.000400000000000039e-01 -7.519999999999999775e-03
1.500299999999999967e-01 -7.289999999999999605e-03
2.000300000000000133e-01 -7.049999999999999843e-03
3.000300000000000189e-01 -6.570000000000000319e-03
4.000299999999999967e-01 -6.100000000000000387e-03
5.000299999999999745e-01 -5.619999999999999996e-03
6.000199999999999978e-01 -5.150000000000000064e-03
7.000199999999999756e-01 -4.669999999999999672e-03
8.000199999999999534e-01 -4.199999999999999740e-03
9.000200000000000422e-01 -3.720000000000000216e-03
1.000000000000000000e+00 -3.249999999999999851e-03
