1.000000000000000000e+00 8.999999999999999320e-03
9.499999999999999556e-01 1.906000000000000055e-02
9.000000000000000222e-01 2.861000000000000001e-02
8.000000000000000444e-01 4.522000000000000325e-02
6.999999999999999556e-01 5.832999999999999990e-02
5.999999999999999778e-01 7.073999999999999733e-02
5.000000000000000000e-01 8.054999999999999660e-02
4.000000000000000222e-01 8.686000000000000665e-02
2.999999999999999889e-01 8.827000000000000124e-02
2.000000000000000111e-01 8.268000000000000349e-02
1.499999999999999944e-01 7.542999999999999705e-02
1.000000000000000056e-01 6.328999999999999904e-02
7.499999999999999722e-02 5.526999999999999968e-02
5.000000000000000278e-02 4.503999999999999670e-02
2.500000000000000139e-02 3.111999999999999836e-02
1.250000000000000069e-02 2.070999999999999924e-02
0.000000000000000000e+00 0.000000000000000000e+00
1.250000000000000069e-02 -8.789999999999999203e-03
2.500000000000000139e-02 -8.680000000000000215e-03
5.000000000000000278e-02 -8.449999999999999178e-03
7.499999999999999722e-02 -8.229999999999999469e-03
1.000000000000000056e-01 -8.009999999999999759e-03
1.499999999999999944e-01 -7.570000000000000340e-03
2.000000000000000111e-01 -7.119999999999999593e-03
2.999999999999999889e-01 -6.230000000000000294e-03
4.000000000000000222e-01 -5.340000000000000129e-03
5.000000000000000000e-01 -4.449999999999999963e-03
5.999999999999999778e-01 -3.559999999999999797e-03
6.999999999999999556e-01 -2.670000000000000064e-03
8.000000000000000444e-01 -1.779999999999999898e-03
9.000000000000000222e-01 -8.899999999999999491e-04
9.499999999999999556e-01 -4.499999999999999877e-04
1.000000000000000000e+00 0.000000000000000000e+00
