1.000000000000000000e+00 0.000000000000000000e+00
9.499999999999999556e-01 1.085000000000000027e-02
9.000000000000000222e-01 2.069999999999999965e-02
8.000000000000000444e-01 3.839999999999999664e-02
6.999999999999999556e-01 5.510000000000000314e-02
5.999999999999999778e-01 6.779999999999999916e-02
5.000000000000000000e-01 7.649999999999999856e-02
4.000000000000000222e-01 8.019999999999999352e-02
2.999999999999999889e-01 7.789999999999999702e-02
2.000000000000000111e-01 6.759999999999999343e-02
1.499999999999999944e-01 5.845000000000000195e-02
1.000000000000000056e-01 4.730000000000000177e-02
7.499999999999999722e-02 4.121999999999999970e-02
5.000000000000000278e-02 3.214999999999999802e-02
2.500000000000000139e-02 2.007000000000000103e-02
1.250000000000000069e-02 1.204000000000000035e-02
0.000000000000000000e+00 0.000000000000000000e+00
1.250000000000000069e-02 -3.959999999999999978e-03
2.500000000000000139e-02 -3.930000000000000333e-03
5.000000000000000278e-02 -1.850000000000000082e-03
7.499999999999999722e-02 1.229999999999999974e-03
1.000000000000000056e-01 5.300000000000000024e-03
1.499999999999999944e-01 1.345000000000000015e-02
2.000000000000000111e-01 2.060000000000000026e-02
2.999999999999999889e-01 3.090000000000000038e-02
4.000000000000000222e-01 3.520000000000000212e-02
5.000000000000000000e-01 3.250000000000000111e-02
5.999999999999999778e-01 2.779999999999999832e-02
6.999999999999999556e-01 2.110000000000000070e-02
8.000000000000000444e-01 1.340000000000000045e-02
9.000000000000000222e-01 5.700000000000000205e-03
9.499999999999999556e-01 1.850000000000000082e-03
1.000000000000000000e+00 0.000000000000000000e+00
