1.000000000000000000e+00 0.000000000000000000e+00
9.499999999999999556e-01 1.099999999999999936e-02
9.000000000000000222e-01 2.100000000000000130e-02
8.000000000000000444e-01 4.050000000000000128e-02
6.999999999999999556e-01 5.800000000000000294e-02
5.999999999999999778e-01 7.199999999999999456e-02
5.000000000000000000e-01 8.300000000000000433e-02
4.000000000000000222e-01 8.999999999999999667e-02
2.999999999999999889e-01 9.099999999999999756e-02
2.000000000000000111e-01 8.400000000000000522e-02
1.499999999999999944e-01 7.599999999999999811e-02
1.000000000000000056e-01 6.550000000000000266e-02
7.499999999999999722e-02 5.800000000000000294e-02
5.000000000000000278e-02 4.850000000000000144e-02
2.500000000000000139e-02 3.450000000000000289e-02
1.250000000000000069e-02 2.350000000000000006e-02
0.000000000000000000e+00 0.000000000000000000e+00
1.250000000000000069e-02 -1.650000000000000078e-02
2.500000000000000139e-02 -2.299999999999999961e-02
5.000000000000000278e-02 -3.049999999999999933e-02
7.499999999999999722e-02 -3.450000000000000289e-02
1.000000000000000056e-01 -3.799999999999999906e-02
1.499999999999999944e-01 -4.250000000000000305e-02
2.000000000000000111e-01 -4.449999999999999789e-02
2.999999999999999889e-01 -4.750000000000000056e-02
4.000000000000000222e-01 -4.649999999999999967e-02
5.000000000000000000e-01 -4.349999999999999700e-02
5.999999999999999778e-01 -3.899999999999999994e-02
6.999999999999999556e-01 -3.300000000000000155e-02
8.000000000000000444e-01 -2.500000000000000139e-02
9.000000000000000222e-01 -1.400000000000000029e-02
9.499999999999999556e-01 -7.499999999999999722e-03
1.000000000000000000e+00 0.000000000000000000e+00
