1.000000000000000000e+00 2.000000000000000042e-03
9.499999999999999556e-01 1.154999999999999950e-02
9.000000000000000222e-01 2.110000000000000070e-02
8.000000000000000444e-01 3.819999999999999785e-02
6.999999999999999556e-01 5.229999999999999927e-02
5.999999999999999778e-01 6.439999999999999891e-02
5.000000000000000000e-01 7.349999999999999589e-02
4.000000000000000222e-01 8.029999999999999638e-02
2.999999999999999889e-01 8.269999999999999574e-02
2.000000000000000111e-01 7.679999999999999327e-02
1.499999999999999944e-01 7.084999999999999631e-02
1.000000000000000056e-01 6.090000000000000274e-02
7.499999999999999722e-02 5.267000000000000154e-02
5.000000000000000278e-02 4.345000000000000251e-02
2.500000000000000139e-02 3.122000000000000122e-02
1.250000000000000069e-02 2.211000000000000118e-02
0.000000000000000000e+00 0.000000000000000000e+00
1.250000000000000069e-02 -6.890000000000000291e-03
2.500000000000000139e-02 -8.770000000000000018e-03
5.000000000000000278e-02 -8.149999999999999259e-03
7.499999999999999722e-02 -6.830000000000000134e-03
1.000000000000000056e-01 -5.100000000000000366e-03
1.499999999999999944e-01 -1.649999999999999991e-03
2.000000000000000111e-01 8.000000000000000383e-04
2.999999999999999889e-01 3.700000000000000164e-03
4.000000000000000222e-01 5.100000000000000366e-03
5.000000000000000000e-01 6.000000000000000125e-03
5.999999999999999778e-01 6.400000000000000307e-03
6.999999999999999556e-01 6.300000000000000044e-03
8.000000000000000444e-01 5.199999999999999761e-03
9.000000000000000222e-01 3.099999999999999891e-03
9.499999999999999556e-01 1.549999999999999946e-03
1.000000000000000000e+00 0.000000000000000000e+00
