1.000000000000000000e+00 0.000000000000000000e+00
9.499999999999999556e-01 1.069999999999999944e-02
9.000000000000000222e-01 2.040000000000000147e-02
8.000000000000000444e-01 3.679999999999999938e-02
6.999999999999999556e-01 5.220000000000000334e-02
5.999999999999999778e-01 6.759999999999999343e-02
5.000000000000000000e-01 8.000000000000000167e-02
4.000000000000000222e-01 8.840000000000000635e-02
2.999999999999999889e-01 9.080000000000000571e-02
2.000000000000000111e-01 8.619999999999999885e-02
1.499999999999999944e-01 7.789999999999999702e-02
1.000000000000000056e-01 6.460000000000000464e-02
7.499999999999999722e-02 5.645000000000000018e-02
5.000000000000000278e-02 4.479999999999999954e-02
2.500000000000000139e-02 3.014999999999999972e-02
1.250000000000000069e-02 2.007000000000000103e-02
0.000000000000000000e+00 0.000000000000000000e+00
1.250000000000000069e-02 -4.930000000000000354e-03
2.500000000000000139e-02 -3.650000000000000033e-03
5.000000000000000278e-02 1.299999999999999940e-03
7.499999999999999722e-02 4.449999999999999963e-03
1.000000000000000056e-01 7.599999999999999985e-03
1.499999999999999944e-01 1.290000000000000001e-02
2.000000000000000111e-01 1.820000000000000090e-02
2.999999999999999889e-01 2.380000000000000171e-02
4.000000000000000222e-01 2.539999999999999897e-02
5.000000000000000000e-01 2.299999999999999961e-02
5.999999999999999778e-01 1.959999999999999937e-02
6.999999999999999556e-01 1.519999999999999997e-02
8.000000000000000444e-01 1.080000000000000057e-02
9.000000000000000222e-01 5.400000000000000286e-03
9.499999999999999556e-01 2.700000000000000143e-03
1.000000000000000000e+00 0.000000000000000000e+00
