1.000000000000000000e+00 3.000000000000000062e-03
9.000000000000000222e-01 1.839999999999999969e-02
8.000000000000000444e-01 3.030000000000000054e-02
6.999999999999999556e-01 4.070000000000000007e-02
5.999999999999999778e-01 5.009999999999999870e-02
5.000000000000000000e-01 5.800000000000000294e-02
4.000000000000000222e-01 6.339999999999999802e-02
2.999999999999999889e-01 6.379999999999999560e-02
2.000000000000000111e-01 5.840000000000000052e-02
1.499999999999999944e-01 5.390000000000000346e-02
1.000000000000000056e-01 4.610000000000000209e-02
7.499999999999999722e-02 4.044999999999999984e-02
5.000000000000000278e-02 3.130000000000000143e-02
2.500000000000000139e-02 2.015000000000000124e-02
1.250000000000000069e-02 1.207000000000000087e-02
0.000000000000000000e+00 0.000000000000000000e+00
1.250000000000000069e-02 -5.919999999999999915e-03
2.500000000000000139e-02 -5.850000000000000165e-03
5.000000000000000278e-02 -5.700000000000000205e-03
7.499999999999999722e-02 -5.349999999999999721e-03
1.000000000000000056e-01 -5.000000000000000104e-03
1.499999999999999944e-01 -4.300000000000000003e-03
2.000000000000000111e-01 -3.799999999999999992e-03
2.999999999999999889e-01 -2.700000000000000143e-03
4.000000000000000222e-01 -1.600000000000000077e-03
5.000000000000000000e-01 -1.000000000000000021e-03
5.999999999999999778e-01 -4.000000000000000192e-04
6.999999999999999556e-01 -2.999999999999999737e-04
8.000000000000000444e-01 -2.000000000000000096e-04
9.000000000000000222e-01 1.000000000000000048e-04
1.000000000000000000e+00 0.000000000000000000e+00
