1.000000000000000000e+00 0.000000000000000000e+00
9.499300000000000521e-01 9.100000000000000450e-03
8.998500000000000387e-01 1.820000000000000090e-02
7.997199999999999864e-01 3.440000000000000002e-02
6.996099999999999541e-01 4.859999999999999737e-02
5.995099999999999874e-01 6.130000000000000032e-02
4.994399999999999951e-01 7.049999999999999323e-02
3.993999999999999773e-01 7.520000000000000295e-02
2.993899999999999895e-01 7.589999999999999525e-02
1.994499999999999884e-01 6.859999999999999432e-02
1.495100000000000040e-01 6.119999999999999746e-02
9.961000000000000409e-02 4.929999999999999660e-02
7.466000000000000414e-02 4.209999999999999853e-02
4.973000000000000337e-02 3.339999999999999913e-02
2.479999999999999913e-02 2.319999999999999840e-02
1.238000000000000038e-02 1.559999999999999928e-02
0.000000000000000000e+00 0.000000000000000000e+00
1.255999999999999998e-02 -7.900000000000000772e-03
2.506999999999999854e-02 -9.299999999999999239e-03
5.007000000000000339e-02 -8.600000000000000006e-03
7.505000000000000560e-02 -6.400000000000000307e-03
1.000500000000000000e-01 -4.369999999999999753e-03
1.500100000000000044e-01 -8.000000000000000383e-04
1.999799999999999911e-01 2.599999999999999881e-03
2.999399999999999844e-01 6.899999999999999883e-03
3.999300000000000077e-01 9.199999999999999845e-03
4.999199999999999755e-01 1.000000000000000021e-02
5.999200000000000088e-01 9.799999999999999684e-03
6.999400000000000066e-01 7.100000000000000408e-03
7.999600000000000044e-01 4.899999999999999842e-03
8.999899999999999567e-01 1.699999999999999905e-03
9.499999999999999556e-01 1.000000000000000048e-04
1.000000000000000000e+00 0.000000000000000000e+00
