1.000000000000000000e+00 0.000000000000000000e+00
9.499999999999999556e-01 1.447000000000000022e-02
9.000000000000000222e-01 2.794999999999999915e-02
8.000000000000000444e-01 5.390000000000000346e-02
6.999999999999999556e-01 7.835000000000000298e-02
5.999999999999999778e-01 9.979999999999999982e-02
5.000000000000000000e-01 1.167500000000000066e-01
4.000000000000000222e-01 1.262000000000000066e-01
2.999999999999999889e-01 1.276500000000000135e-01
2.000000000000000111e-01 1.180999999999999966e-01
1.499999999999999944e-01 1.065799999999999942e-01
1.000000000000000056e-01 9.055000000000000548e-02
7.499999999999999722e-02 7.878999999999999893e-02
5.000000000000000278e-02 6.451999999999999402e-02
2.500000000000000139e-02 4.526000000000000162e-02
1.250000000000000069e-02 3.088000000000000120e-02
0.000000000000000000e+00 0.000000000000000000e+00
1.250000000000000069e-02 -1.862000000000000113e-02
2.500000000000000139e-02 -2.173999999999999891e-02
5.000000000000000278e-02 -2.496999999999999914e-02
7.499999999999999722e-02 -2.721000000000000155e-02
1.000000000000000056e-01 -2.794999999999999915e-02
1.499999999999999944e-01 -2.742999999999999952e-02
2.000000000000000111e-01 -2.589999999999999941e-02
2.999999999999999889e-01 -2.085000000000000048e-02
4.000000000000000222e-01 -1.580000000000000154e-02
5.000000000000000000e-01 -1.225000000000000047e-02
5.999999999999999778e-01 -8.699999999999999400e-03
6.999999999999999556e-01 -6.150000000000000085e-03
8.000000000000000444e-01 -4.599999999999999922e-03
9.000000000000000222e-01 -3.050000000000000194e-03
9.499999999999999556e-01 -2.520000000000000104e-03
1.000000000000000000e+00 0.000000000000000000e+00
