1.000000000000000000e+00 2.799999999999999972e-03
9.498900000000000121e-01 1.298000000000000022e-02
8.998199999999999532e-01 2.095999999999999946e-02
7.996799999999999464e-01 3.751999999999999780e-02
6.995500000000000052e-01 5.347999999999999976e-02
5.994399999999999729e-01 6.723999999999999422e-02
4.993299999999999961e-01 7.918999999999999651e-02
3.992700000000000138e-01 8.734999999999999709e-02
2.992500000000000160e-01 8.931000000000000050e-02
1.992800000000000127e-01 8.566999999999999615e-02
1.493299999999999905e-01 7.964999999999999858e-02
9.943000000000000449e-02 6.804000000000000326e-02
7.449999999999999678e-02 5.942999999999999672e-02
4.957999999999999907e-02 5.022000000000000075e-02
2.469000000000000014e-02 3.660999999999999671e-02
1.227999999999999925e-02 2.639999999999999986e-02
0.000000000000000000e+00 0.000000000000000000e+00
1.259000000000000050e-02 -1.108999999999999916e-02
2.506999999999999854e-02 -8.189999999999999364e-03
5.000000000000000278e-02 -1.800000000000000113e-04
7.495999999999999885e-02 5.130000000000000011e-03
9.990999999999999881e-02 1.094000000000000007e-02
1.498500000000000110e-01 1.805999999999999966e-02
1.998000000000000054e-01 2.408000000000000071e-02
2.997400000000000064e-01 3.051999999999999852e-02
3.997399999999999842e-01 3.135999999999999899e-02
4.997500000000000275e-01 2.999999999999999889e-02
5.997900000000000453e-01 2.523999999999999855e-02
6.998299999999999521e-01 1.987999999999999837e-02
7.999000000000000554e-01 1.231999999999999935e-02
8.999599999999999822e-01 4.760000000000000342e-03
9.499900000000000011e-01 6.800000000000000488e-04
1.000000000000000000e+00 -2.799999999999999972e-03
