1.000000000000000000e+00 2.599999999999999881e-03
9.499999999999999556e-01 1.464000000000000024e-02
9.000000000000000222e-01 2.667999999999999886e-02
8.000000000000000444e-01 5.056000000000000077e-02
6.999999999999999556e-01 7.503999999999999559e-02
5.999999999999999778e-01 9.911999999999999977e-02
5.000000000000000000e-01 1.223000000000000059e-01
4.000000000000000222e-01 1.394799999999999929e-01
2.999999999999999889e-01 1.453599999999999892e-01
2.000000000000000111e-01 1.369400000000000062e-01
1.499999999999999944e-01 1.242800000000000016e-01
1.000000000000000056e-01 1.056200000000000055e-01
5.000000000000000278e-02 7.696000000000000063e-02
2.500000000000000139e-02 5.623000000000000220e-02
1.250000000000000069e-02 4.272000000000000103e-02
0.000000000000000000e+00 0.000000000000000000e+00
1.250000000000000069e-02 -1.747999999999999901e-02
2.500000000000000139e-02 -2.556999999999999898e-02
5.000000000000000278e-02 -3.563999999999999807e-02
1.000000000000000056e-01 -4.737999999999999851e-02
1.499999999999999944e-01 -5.582000000000000156e-02
2.000000000000000111e-01 -6.135999999999999788e-02
2.999999999999999889e-01 -6.454000000000000015e-02
4.000000000000000222e-01 -6.401999999999999358e-02
5.000000000000000000e-01 -5.630000000000000282e-02
5.999999999999999778e-01 -4.547999999999999959e-02
6.999999999999999556e-01 -3.416000000000000286e-02
8.000000000000000444e-01 -2.273999999999999980e-02
9.000000000000000222e-01 -1.141999999999999960e-02
9.499999999999999556e-01 -5.960000000000000020e-03
1.000000000000000000e+00 0.000000000000000000e+00
