1.000000000000000000e+00 1.000000000000000021e-03
9.899799999999999711e-01 2.599999999999999881e-03
9.799600000000000533e-01 4.190000000000000148e-03
9.699499999999999789e-01 5.780000000000000415e-03
9.499199000000000392e-01 8.949999999999999623e-03
9.248800000000000354e-01 1.286999999999999950e-02
8.998500000000000387e-01 1.671999999999999875e-02
8.748099999999999765e-01 2.046999999999999861e-02
8.497799999999999798e-01 2.411999999999999908e-02
8.247499999999999831e-01 2.767000000000000015e-02
7.997199999999999864e-01 3.108999999999999958e-02
7.746899999999999897e-01 3.438999999999999696e-02
7.496599999999999930e-01 3.756000000000000311e-02
7.246299999999999963e-01 4.059999999999999720e-02
6.995999999999999996e-01 4.352000000000000313e-02
6.745799999999999574e-01 4.630000000000000088e-02
6.495499999999999607e-01 4.895000000000000046e-02
5.995099999999999874e-01 5.383000000000000285e-02
5.494700000000000140e-01 5.813999999999999724e-02
4.994399999999999951e-01 6.183000000000000301e-02
4.494099999999999762e-01 6.483999999999999486e-02
3.993900000000000228e-01 6.708999999999999686e-02
3.493700000000000139e-01 6.845999999999999308e-02
2.993700000000000250e-01 6.876000000000000167e-02
2.743800000000000128e-01 6.844000000000000083e-02
2.493799999999999906e-01 6.773999999999999466e-02
2.243900000000000061e-01 6.660000000000000642e-02
1.994100000000000039e-01 6.496000000000000385e-02
1.744300000000000017e-01 6.272999999999999410e-02
1.494499999999999995e-01 5.976999999999999674e-02
1.244900000000000034e-01 5.589999999999999830e-02
9.954000000000000348e-02 5.088999999999999774e-02
7.459999999999999964e-02 4.433000000000000135e-02
4.966999999999999887e-02 3.565999999999999726e-02
3.472999999999999698e-02 2.909000000000000127e-02
2.477999999999999994e-02 2.389000000000000151e-02
1.981000000000000122e-02 2.094999999999999987e-02
1.484000000000000076e-02 1.767000000000000168e-02
1.234999999999999987e-02 1.587999999999999828e-02
9.870000000000000301e-03 1.395000000000000059e-02
7.389999999999999868e-03 1.180999999999999932e-02
4.910000000000000302e-03 9.360000000000000264e-03
3.919999999999999873e-03 8.250000000000000389e-03
2.939999999999999905e-03 7.020000000000000198e-03
2.439999999999999895e-03 6.340000000000000149e-03
1.949999999999999910e-03 5.610000000000000403e-03
1.459999999999999926e-03 4.789999999999999987e-03
9.600000000000000243e-04 3.850000000000000124e-03
4.800000000000000122e-04 2.650000000000000012e-03
0.000000000000000000e+00 0.000000000000000000e+00
5.199999999999999544e-04 -2.360000000000000119e-03
1.030000000000000100e-03 -3.239999999999999825e-03
1.539999999999999919e-03 -3.880000000000000202e-03
2.040000000000000147e-03 -4.389999999999999805e-03
2.540000000000000157e-03 -4.830000000000000092e-03
3.050000000000000194e-03 -5.199999999999999761e-03
4.049999999999999781e-03 -5.830000000000000113e-03
5.060000000000000261e-03 -6.340000000000000149e-03
7.570000000000000340e-03 -7.289999999999999605e-03
1.007000000000000083e-02 -7.960000000000000062e-03
1.257999999999999917e-02 -8.449999999999999178e-03
1.507999999999999965e-02 -8.800000000000000530e-03
2.008000000000000063e-02 -9.230000000000000357e-03
2.509000000000000119e-02 -9.390000000000000777e-03
3.508000000000000007e-02 -9.230000000000000357e-03
5.007999999999999952e-02 -8.319999999999999271e-03
7.506000000000000172e-02 -6.060000000000000282e-03
1.000299999999999939e-01 -3.660000000000000059e-03
1.250100000000000100e-01 -1.399999999999999986e-03
1.499900000000000122e-01 6.099999999999999737e-04
1.749799999999999967e-01 2.350000000000000092e-03
1.999599999999999989e-01 3.840000000000000097e-03
2.249500000000000111e-01 5.089999999999999906e-03
2.499399999999999955e-01 6.130000000000000032e-03
2.749400000000000177e-01 6.980000000000000093e-03
2.999299999999999744e-01 7.649999999999999682e-03
3.499200000000000088e-01 8.529999999999999388e-03
3.999199999999999977e-01 8.899999999999999925e-03
4.499199999999999866e-01 8.899999999999999925e-03
4.999199999999999755e-01 8.630000000000000518e-03
5.499300000000000299e-01 8.210000000000000284e-03
5.999299999999999633e-01 7.640000000000000090e-03
6.499399999999999622e-01 6.930000000000000396e-03
6.749399999999999844e-01 6.530000000000000214e-03
6.999400000000000066e-01 6.089999999999999927e-03
7.249499999999999833e-01 5.619999999999999996e-03
7.499500999999999529e-01 5.109999999999999959e-03
7.749599999999999822e-01 4.579999999999999870e-03
7.999600000000000044e-01 4.029999999999999728e-03
8.249699999999999811e-01 3.449999999999999942e-03
8.499700000000000033e-01 2.850000000000000103e-03
8.749799999999999800e-01 2.230000000000000211e-03
8.999899999999999567e-01 1.600000000000000077e-03
9.249899999999999789e-01 9.600000000000000243e-04
9.499999999999999556e-01 3.099999999999999999e-04
9.699999999999999734e-01 -2.100000000000000087e-04
9.799999999999999822e-01 -4.699999999999999859e-04
9.900099999999999456e-01 -7.399999999999999894e-04
1.000000000000000000e+00 -1.000000000000000021e-03
