1.000000000000000000e+00 0.000000000000000000e+00
9.499999999999999556e-01 1.480000000000000066e-02
9.000000000000000222e-01 2.709999999999999909e-02
8.000000000000000444e-01 4.719999999999999890e-02
6.999999999999999556e-01 6.529999999999999694e-02
5.999999999999999778e-01 8.039999999999999925e-02
5.000000000000000000e-01 9.099999999999999756e-02
4.000000000000000222e-01 9.660000000000000531e-02
2.999999999999999889e-01 9.470000000000000639e-02
2.000000000000000111e-01 8.279999999999999860e-02
1.499999999999999944e-01 7.059999999999999609e-02
1.000000000000000056e-01 5.439999999999999697e-02
7.499999999999999722e-02 4.454999999999999932e-02
5.000000000000000278e-02 3.320000000000000034e-02
2.500000000000000139e-02 1.884999999999999870e-02
1.250000000000000069e-02 1.116999999999999937e-02
0.000000000000000000e+00 0.000000000000000000e+00
1.250000000000000069e-02 -5.329999999999999669e-03
2.500000000000000139e-02 -6.649999999999999661e-03
5.000000000000000278e-02 -8.800000000000000530e-03
7.499999999999999722e-02 -1.044999999999999922e-02
1.000000000000000056e-01 -1.110000000000000049e-02
1.499999999999999944e-01 -1.190000000000000085e-02
2.000000000000000111e-01 -1.119999999999999989e-02
2.999999999999999889e-01 -6.799999999999999621e-03
4.000000000000000222e-01 1.000000000000000048e-04
5.000000000000000000e-01 3.799999999999999992e-03
5.999999999999999778e-01 5.899999999999999863e-03
6.999999999999999556e-01 7.799999999999999642e-03
8.000000000000000444e-01 7.199999999999999803e-03
9.000000000000000222e-01 5.100000000000000366e-03
9.499999999999999556e-01 2.299999999999999961e-03
1.000000000000000000e+00 0.000000000000000000e+00
