1.000000000000000000e+00 0.000000000000000000e+00
9.499999999999999556e-01 9.799999999999999684e-03
9.000000000000000222e-01 1.859999999999999848e-02
8.000000000000000444e-01 3.320000000000000034e-02
6.999999999999999556e-01 4.429999999999999910e-02
5.999999999999999778e-01 5.140000000000000124e-02
5.000000000000000000e-01 5.600000000000000117e-02
4.000000000000000222e-01 5.759999999999999842e-02
2.999999999999999889e-01 5.519999999999999907e-02
2.000000000000000111e-01 4.979999999999999705e-02
1.499999999999999944e-01 4.429999999999999910e-02
1.000000000000000056e-01 3.740000000000000269e-02
7.499999999999999722e-02 3.230000000000000232e-02
5.000000000000000278e-02 2.620000000000000107e-02
2.500000000000000139e-02 1.810000000000000150e-02
1.250000000000000069e-02 1.305000000000000084e-02
0.000000000000000000e+00 0.000000000000000000e+00
1.250000000000000069e-02 -4.950000000000000407e-03
2.500000000000000139e-02 -4.599999999999999922e-03
5.000000000000000278e-02 -3.000000000000000062e-03
7.499999999999999722e-02 -1.299999999999999940e-03
1.000000000000000056e-01 4.000000000000000192e-04
1.499999999999999944e-01 2.599999999999999881e-03
2.000000000000000111e-01 4.199999999999999740e-03
2.999999999999999889e-01 6.199999999999999782e-03
4.000000000000000222e-01 6.599999999999999964e-03
5.000000000000000000e-01 6.000000000000000125e-03
5.999999999999999778e-01 4.400000000000000265e-03
6.999999999999999556e-01 2.799999999999999972e-03
8.000000000000000444e-01 1.199999999999999895e-03
9.000000000000000222e-01 -2.000000000000000096e-04
9.499999999999999556e-01 -2.000000000000000096e-04
1.000000000000000000e+00 0.000000000000000000e+00
