1.000000000000000000e+00 4.000000000000000083e-03
9.499999999999999556e-01 1.140000000000000041e-02
9.000000000000000222e-01 1.830000000000000029e-02
8.000000000000000444e-01 3.309999999999999748e-02
6.999999999999999556e-01 4.739999999999999769e-02
5.999999999999999778e-01 6.169999999999999790e-02
5.000000000000000000e-01 7.449999999999999678e-02
4.000000000000000222e-01 8.079999999999999682e-02
2.999999999999999889e-01 8.260000000000000675e-02
2.000000000000000111e-01 7.539999999999999480e-02
1.499999999999999944e-01 6.779999999999999916e-02
1.000000000000000056e-01 5.670000000000000040e-02
7.499999999999999722e-02 4.914999999999999925e-02
5.000000000000000278e-02 4.059999999999999720e-02
2.500000000000000139e-02 2.755000000000000157e-02
1.250000000000000069e-02 1.803000000000000089e-02
0.000000000000000000e+00 0.000000000000000000e+00
1.250000000000000069e-02 -1.696999999999999897e-02
2.500000000000000139e-02 -2.245000000000000120e-02
5.000000000000000278e-02 -2.740000000000000074e-02
7.499999999999999722e-02 -2.985000000000000153e-02
1.000000000000000056e-01 -3.180000000000000188e-02
1.499999999999999944e-01 -3.370000000000000079e-02
2.000000000000000111e-01 -3.559999999999999970e-02
2.999999999999999889e-01 -3.690000000000000224e-02
4.000000000000000222e-01 -3.769999999999999740e-02
5.000000000000000000e-01 -3.699999999999999817e-02
5.999999999999999778e-01 -3.579999999999999849e-02
6.999999999999999556e-01 -3.209999999999999659e-02
8.000000000000000444e-01 -2.589999999999999941e-02
9.000000000000000222e-01 -1.469999999999999953e-02
9.499999999999999556e-01 -7.599999999999999985e-03
1.000000000000000000e+00 0.000000000000000000e+00
