1.000000000000000000e+00 0.000000000000000000e+00
9.499999999999999556e-01 9.320000000000000159e-03
9.000000000000000222e-01 1.854000000000000092e-02
8.000000000000000444e-01 3.688000000000000306e-02
6.999999999999999556e-01 5.541999999999999704e-02
5.999999999999999778e-01 7.406000000000000083e-02
5.000000000000000000e-01 9.170000000000000373e-02
4.000000000000000222e-01 1.053400000000000031e-01
2.999999999999999889e-01 1.139799999999999980e-01
2.500000000000000000e-01 1.154000000000000026e-01
2.000000000000000111e-01 1.137200000000000016e-01
1.499999999999999944e-01 1.084399999999999947e-01
1.000000000000000056e-01 9.675999999999999879e-02
5.000000000000000278e-02 7.267999999999999461e-02
2.500000000000000139e-02 5.074000000000000038e-02
1.250000000000000069e-02 3.481999999999999679e-02
0.000000000000000000e+00 0.000000000000000000e+00
1.250000000000000069e-02 -2.188000000000000014e-02
2.500000000000000139e-02 -2.675999999999999907e-02
5.000000000000000278e-02 -3.041999999999999912e-02
1.000000000000000056e-01 -3.023999999999999952e-02
1.499999999999999944e-01 -2.745999999999999830e-02
2.000000000000000111e-01 -2.447999999999999829e-02
2.500000000000000000e-01 -2.120000000000000009e-02
2.999999999999999889e-01 -1.812000000000000069e-02
4.000000000000000222e-01 -1.315999999999999982e-02
5.000000000000000000e-01 -9.299999999999999239e-03
5.999999999999999778e-01 -6.440000000000000412e-03
6.999999999999999556e-01 -4.279999999999999950e-03
8.000000000000000444e-01 -2.820000000000000024e-03
9.000000000000000222e-01 -1.360000000000000098e-03
9.499999999999999556e-01 -6.800000000000000488e-04
1.000000000000000000e+00 0.000000000000000000e+00
