1.000000000000000000e+00 0.000000000000000000e+00
9.494000000000000217e-01 1.319999999999999993e-02
8.987100000000000088e-01 2.838999999999999857e-02
7.974200000000000177e-01 5.677999999999999714e-02
6.963500000000000245e-01 8.018000000000000127e-02
5.954500000000000348e-01 1.000899999999999984e-01
4.947900000000000076e-01 1.145100000000000007e-01
3.945000000000000173e-01 1.209500000000000020e-01
2.945499999999999785e-01 1.199000000000000066e-01
1.949299999999999922e-01 1.113699999999999968e-01
1.453800000000000092e-01 1.016100000000000059e-01
9.607000000000000262e-02 8.637000000000000233e-02
7.155000000000000249e-02 7.575999999999999401e-02
4.721999999999999809e-02 6.115000000000000296e-02
2.316000000000000003e-02 4.055000000000000271e-02
1.128999999999999969e-02 2.650999999999999884e-02
0.000000000000000000e+00 0.000000000000000000e+00
1.342999999999999923e-02 -2.038999999999999840e-02
2.620000000000000107e-02 -2.631000000000000005e-02
5.145999999999999880e-02 -3.216000000000000109e-02
7.661999999999999367e-02 -3.550999999999999990e-02
1.016800000000000065e-01 -3.687000000000000000e-02
1.517100000000000115e-01 -3.760000000000000148e-02
2.016499999999999959e-01 -3.631999999999999812e-02
3.013600000000000168e-01 -2.979000000000000051e-02
4.009699999999999931e-01 -2.126000000000000112e-02
5.006199999999999539e-01 -1.371999999999999956e-02
6.004000000000000448e-01 -8.680000000000000215e-03
7.002599999999999936e-01 -5.640000000000000048e-03
8.001399999999999624e-01 -3.089999999999999865e-03
9.000700000000000367e-01 -1.549999999999999946e-03
9.500600000000000156e-01 -1.270000000000000078e-03
1.000000000000000000e+00 0.000000000000000000e+00
