1.000000000000000000e+00 1.600000000000000077e-03
9.499999999999999556e-01 3.700000000000000164e-03
9.000000000000000222e-01 6.899999999999999883e-03
8.000000000000000444e-01 1.600000000000000033e-02
6.999999999999999556e-01 2.610000000000000167e-02
5.999999999999999778e-01 3.719999999999999696e-02
5.000000000000000000e-01 4.680000000000000132e-02
4.000000000000000222e-01 5.319999999999999729e-02
2.999999999999999889e-01 5.689999999999999919e-02
2.000000000000000111e-01 5.689999999999999919e-02
1.499999999999999944e-01 5.469999999999999862e-02
1.000000000000000056e-01 4.950000000000000233e-02
7.499999999999999722e-02 4.469999999999999668e-02
5.000000000000000278e-02 3.670000000000000345e-02
2.500000000000000139e-02 2.709999999999999909e-02
1.250000000000000069e-02 2.019999999999999921e-02
0.000000000000000000e+00 0.000000000000000000e+00
1.250000000000000069e-02 -1.650000000000000078e-02
2.500000000000000139e-02 -2.450000000000000094e-02
5.000000000000000278e-02 -3.459999999999999881e-02
7.499999999999999722e-02 -4.100000000000000172e-02
1.000000000000000056e-01 -4.569999999999999757e-02
1.499999999999999944e-01 -5.269999999999999685e-02
2.000000000000000111e-01 -5.580000000000000238e-02
2.999999999999999889e-01 -5.689999999999999919e-02
4.000000000000000222e-01 -5.269999999999999685e-02
5.000000000000000000e-01 -4.519999999999999712e-02
5.999999999999999778e-01 -3.559999999999999970e-02
6.999999999999999556e-01 -2.390000000000000110e-02
8.000000000000000444e-01 -1.439999999999999961e-02
9.000000000000000222e-01 -7.400000000000000328e-03
9.499999999999999556e-01 -4.300000000000000003e-03
1.000000000000000000e+00 -1.600000000000000077e-03
