1.000000000000000000e+00 0.000000000000000000e+00
9.000000000000000222e-01 1.529999999999999936e-02
8.000000000000000444e-01 2.960000000000000131e-02
6.999999999999999556e-01 4.240000000000000019e-02
5.999999999999999778e-01 5.419999999999999818e-02
5.000000000000000000e-01 6.400000000000000133e-02
4.000000000000000222e-01 7.130000000000000226e-02
2.999999999999999889e-01 7.409999999999999920e-02
2.000000000000000111e-01 6.740000000000000158e-02
1.499999999999999944e-01 6.054999999999999966e-02
1.000000000000000056e-01 5.070000000000000201e-02
7.499999999999999722e-02 4.352000000000000313e-02
5.000000000000000278e-02 3.534999999999999948e-02
2.500000000000000139e-02 2.317999999999999922e-02
1.250000000000000069e-02 1.508999999999999925e-02
0.000000000000000000e+00 0.000000000000000000e+00
1.250000000000000069e-02 -6.910000000000000343e-03
2.500000000000000139e-02 -6.729999999999999871e-03
5.000000000000000278e-02 -5.449999999999999983e-03
7.499999999999999722e-02 -3.769999999999999914e-03
1.000000000000000056e-01 -2.299999999999999961e-03
1.499999999999999944e-01 5.000000000000000240e-05
2.000000000000000111e-01 1.899999999999999996e-03
2.999999999999999889e-01 5.100000000000000366e-03
4.000000000000000222e-01 7.499999999999999722e-03
5.000000000000000000e-01 8.500000000000000611e-03
5.999999999999999778e-01 8.200000000000000691e-03
6.999999999999999556e-01 6.899999999999999883e-03
8.000000000000000444e-01 5.100000000000000366e-03
9.000000000000000222e-01 2.799999999999999972e-03
1.000000000000000000e+00 0.000000000000000000e+00
