1.000000000000000000e+00 8.000000000000000383e-04
9.499999999999999556e-01 7.830000000000000154e-03
9.000000000000000222e-01 1.515000000000000027e-02
8.000000000000000444e-01 2.929999999999999966e-02
6.999999999999999556e-01 4.275000000000000328e-02
5.999999999999999778e-01 5.600000000000000117e-02
5.000000000000000000e-01 6.754999999999999893e-02
4.000000000000000222e-01 7.510000000000000009e-02
2.999999999999999889e-01 7.704999999999999349e-02
2.000000000000000111e-01 7.140000000000000513e-02
1.499999999999999944e-01 6.451999999999999402e-02
1.000000000000000056e-01 5.385000000000000203e-02
7.499999999999999722e-02 4.651000000000000273e-02
5.000000000000000278e-02 3.817999999999999866e-02
2.500000000000000139e-02 2.563999999999999960e-02
1.250000000000000069e-02 1.717000000000000123e-02
0.000000000000000000e+00 0.000000000000000000e+00
1.250000000000000069e-02 -1.082999999999999935e-02
2.500000000000000139e-02 -1.265999999999999938e-02
5.000000000000000278e-02 -1.231999999999999935e-02
7.499999999999999722e-02 -9.889999999999999486e-03
1.000000000000000056e-01 -4.649999999999999620e-03
1.499999999999999944e-01 3.520000000000000125e-03
2.000000000000000111e-01 1.020000000000000073e-02
2.999999999999999889e-01 1.905000000000000096e-02
4.000000000000000222e-01 2.270000000000000143e-02
5.000000000000000000e-01 2.245000000000000120e-02
5.999999999999999778e-01 1.940000000000000058e-02
6.999999999999999556e-01 1.395000000000000059e-02
8.000000000000000444e-01 8.300000000000000086e-03
9.000000000000000222e-01 3.650000000000000033e-03
9.499999999999999556e-01 1.529999999999999893e-03
1.000000000000000000e+00 0.000000000000000000e+00
