1.000000000000000000e+00 6.499999999999999702e-04
9.499199000000000392e-01 5.980000000000000072e-03
8.998399999999999732e-01 1.200999999999999984e-02
7.996900000000000119e-01 2.298000000000000043e-02
6.995500000000000052e-01 3.384000000000000202e-02
5.994099999999999984e-01 4.580999999999999656e-02
4.992300000000000071e-01 5.766000000000000292e-02
3.991100000000000203e-01 6.703000000000000624e-02
2.990499999999999825e-01 7.098999999999999755e-02
1.990999999999999992e-01 6.736000000000000321e-02
1.491899999999999893e-01 6.049000000000000210e-02
9.932000000000000550e-02 5.083000000000000018e-02
7.441000000000000392e-02 4.449000000000000177e-02
4.950999999999999845e-02 3.665999999999999814e-02
2.466000000000000136e-02 2.512999999999999956e-02
1.226999999999999966e-02 1.716000000000000164e-02
0.000000000000000000e+00 0.000000000000000000e+00
1.264999999999999979e-02 -1.102999999999999987e-02
2.517000000000000140e-02 -1.285999999999999990e-02
5.016999999999999932e-02 -1.293000000000000052e-02
7.513000000000000234e-02 -1.000000000000000021e-02
1.000800000000000023e-01 -5.660000000000000100e-03
1.499800000000000022e-01 1.500000000000000031e-03
1.999100000000000044e-01 6.669999999999999714e-03
2.998199999999999754e-01 1.319999999999999993e-02
3.997999999999999887e-01 1.484000000000000076e-02
4.998299999999999965e-01 1.267000000000000071e-02
5.998999999999999888e-01 9.060000000000000345e-03
6.999300000000000521e-01 5.340000000000000129e-03
7.999699999999999589e-01 2.180000000000000080e-03
9.000000000000000222e-01 1.000000000000000082e-05
9.500100000000000211e-01 -8.199999999999999824e-04
1.000000000000000000e+00 -6.499999999999999702e-04
