1.000000000000000000e+00 0.000000000000000000e+00
9.000000000000000222e-01 2.234999999999999834e-02
8.000000000000000444e-01 4.170000000000000095e-02
6.999999999999999556e-01 5.704999999999999655e-02
5.999999999999999778e-01 6.740000000000000158e-02
5.000000000000000000e-01 7.574999999999999789e-02
4.000000000000000222e-01 7.860000000000000320e-02
2.999999999999999889e-01 7.695000000000000451e-02
2.000000000000000111e-01 7.030000000000000138e-02
1.000000000000000056e-01 5.464999999999999719e-02
7.499999999999999722e-02 4.710999999999999910e-02
5.000000000000000278e-02 3.806999999999999967e-02
2.500000000000000139e-02 2.503999999999999976e-02
1.250000000000000069e-02 1.677000000000000018e-02
0.000000000000000000e+00 0.000000000000000000e+00
1.250000000000000069e-02 -1.473000000000000004e-02
2.500000000000000139e-02 -1.896000000000000116e-02
5.000000000000000278e-02 -2.193000000000000158e-02
7.499999999999999722e-02 -2.239000000000000018e-02
1.000000000000000056e-01 -2.135000000000000092e-02
2.000000000000000111e-01 -1.720000000000000001e-02
2.999999999999999889e-01 -1.305000000000000084e-02
4.000000000000000222e-01 -1.089999999999999997e-02
5.000000000000000000e-01 -9.749999999999999986e-03
5.999999999999999778e-01 -9.100000000000000450e-03
6.999999999999999556e-01 -8.949999999999999623e-03
8.000000000000000444e-01 -6.300000000000000044e-03
9.000000000000000222e-01 -3.650000000000000033e-03
1.000000000000000000e+00 0.000000000000000000e+00
