1.000000000000000000e+00 0.000000000000000000e+00
9.493399999999999617e-01 1.472000000000000045e-02
8.987699999999999578e-01 2.743999999999999911e-02
7.977100999999999775e-01 5.090000000000000080e-02
6.967700000000000005e-01 7.184999999999999720e-02
5.959799999999999542e-01 8.931999999999999662e-02
4.954000000000000070e-01 1.022900000000000059e-01
3.951100000000000168e-01 1.087800000000000017e-01
2.951099999999999834e-01 1.087800000000000017e-01
1.954400000000000026e-01 1.012900000000000050e-01
1.458099999999999952e-01 9.306000000000000383e-02
9.647999999999999632e-02 7.834000000000000685e-02
7.195000000000000007e-02 6.773999999999999466e-02
4.753999999999999893e-02 5.464000000000000107e-02
2.331000000000000086e-02 3.755000000000000004e-02
1.149000000000000021e-02 2.251999999999999835e-02
0.000000000000000000e+00 0.000000000000000000e+00
1.336999999999999994e-02 -1.940000000000000058e-02
2.614000000000000004e-02 -2.531999999999999876e-02
5.147000000000000186e-02 -3.268000000000000071e-02
7.661999999999999367e-02 -3.604999999999999871e-02
1.016900000000000026e-01 -3.742000000000000187e-02
1.517199999999999938e-01 -3.817000000000000254e-02
2.016199999999999937e-01 -3.592999999999999666e-02
3.012400000000000078e-01 -2.743999999999999911e-02
4.008300000000000196e-01 -1.846000000000000071e-02
5.004899999999999904e-01 -1.098000000000000018e-02
6.003100000000000103e-01 -6.989999999999999686e-03
7.001600000000000046e-01 -3.490000000000000047e-03
8.000500000000000389e-01 -1.000000000000000021e-03
9.000000000000000222e-01 0.000000000000000000e+00
9.499900000000000011e-01 2.500000000000000052e-04
1.000000000000000000e+00 0.000000000000000000e+00
