1.000000000000000000e+00 8.000000000000000383e-04
9.499499999999999611e-01 1.149000000000000021e-02
8.999200000000000532e-01 2.069000000000000006e-02
7.998300000000000409e-01 4.107999999999999846e-02
6.997499999999999831e-01 5.986999999999999961e-02
5.997000000000000108e-01 7.406000000000000083e-02
4.996499999999999830e-01 8.615000000000000435e-02
3.996100000000000207e-01 9.533999999999999420e-02
2.995900000000000230e-01 9.933000000000000163e-02
1.996100000000000096e-01 9.592000000000000526e-02
1.496399999999999952e-01 8.720999999999999586e-02
9.969999999999999696e-02 7.331000000000000016e-02
7.474000000000000088e-02 6.390999999999999459e-02
4.979999999999999705e-02 4.950000000000000233e-02
2.486999999999999975e-02 3.080000000000000099e-02
1.242000000000000048e-02 1.864999999999999991e-02
0.000000000000000000e+00 0.000000000000000000e+00
1.251999999999999988e-02 -4.850000000000000144e-03
2.501000000000000098e-02 -3.200000000000000153e-03
5.000000000000000278e-02 -1.900000000000000105e-04
7.499000000000000110e-02 2.010000000000000068e-03
9.997999999999999943e-02 3.710000000000000190e-03
1.499699999999999922e-01 6.709999999999999819e-03
1.999599999999999989e-01 8.619999999999999191e-03
2.999499999999999944e-01 1.162999999999999971e-02
3.999500000000000277e-01 1.174000000000000044e-02
4.999500000000000055e-01 1.195000000000000055e-02
5.999600000000000488e-01 1.076000000000000047e-02
6.999699999999999811e-01 7.870000000000000259e-03
7.999800000000000244e-01 4.980000000000000052e-03
8.999899999999999567e-01 1.690000000000000096e-03
9.499999999999999556e-01 2.900000000000000017e-04
1.000000000000000000e+00 -8.000000000000000383e-04
