1.000000000000000000e+00 1.100000000000000066e-03
9.493200000000000527e-01 1.558000000000000010e-02
8.944999999999999618e-01 2.995000000000000093e-02
7.976199999999999957e-01 5.433999999999999941e-02
6.966999999999999860e-01 7.531999999999999806e-02
5.960199999999999942e-01 9.091000000000000469e-02
4.955200000000000160e-01 1.021999999999999992e-01
3.952899999999999747e-01 1.075099999999999945e-01
2.953399999999999914e-01 1.064400000000000068e-01
1.959100000000000008e-01 9.338000000000000467e-02
1.463099999999999956e-01 8.420999999999999319e-02
9.693000000000000227e-02 7.015000000000000402e-02
7.234999999999999765e-02 6.047000000000000292e-02
4.784999999999999670e-02 4.909999999999999781e-02
2.360999999999999904e-02 3.182999999999999718e-02
1.159999999999999920e-02 2.051000000000000045e-02
0.000000000000000000e+00 0.000000000000000000e+00
1.337999999999999953e-02 -2.001000000000000001e-02
2.621000000000000066e-02 -2.755000000000000157e-02
5.149000000000000105e-02 -3.404000000000000081e-02
7.664999999999999591e-02 -3.774000000000000271e-02
1.017200000000000049e-01 -3.933999999999999997e-02
1.516800000000000093e-01 -3.826000000000000234e-02
2.015800000000000092e-01 -3.606999999999999790e-02
3.011699999999999933e-01 -2.681000000000000050e-02
4.007299999999999751e-01 -1.654999999999999874e-02
5.002299999999999525e-01 -5.190000000000000169e-03
5.997999999999999998e-01 4.570000000000000277e-03
6.994599999999999707e-01 1.223999999999999914e-02
7.994200000000000195e-01 1.331000000000000065e-02
8.995999999999999552e-01 9.100000000000000450e-03
9.497898999999999647e-01 4.799999999999999580e-03
1.000000000000000000e+00 -1.100000000000000066e-03
