1.000000000000000000e+00 1.600000000000000077e-03
9.487200000000000077e-01 1.891999999999999932e-02
8.975999999999999535e-01 3.545999999999999847e-02
7.954299999999999704e-01 6.743000000000000382e-02
6.935599999999999543e-01 9.501999999999999336e-02
5.919999999999999707e-01 1.180400000000000060e-01
4.906200000000000006e-01 1.383600000000000108e-01
3.897100000000000009e-01 1.518200000000000105e-01
2.896299999999999986e-01 1.530400000000000094e-01
1.903199999999999892e-01 1.428000000000000103e-01
1.412200000000000122e-01 1.295699999999999907e-01
9.261999999999999400e-02 1.088800000000000046e-01
6.854999999999999982e-02 9.525000000000000133e-02
4.479000000000000342e-02 7.693999999999999451e-02
2.139999999999999888e-02 5.315000000000000280e-02
1.007000000000000083e-02 3.588000000000000217e-02
0.000000000000000000e+00 0.000000000000000000e+00
1.447000000000000022e-02 -2.892000000000000126e-02
2.759999999999999953e-02 -3.823000000000000009e-02
5.315999999999999892e-02 -4.660000000000000253e-02
7.840999999999999359e-02 -5.018000000000000238e-02
1.036600000000000021e-01 -5.387000000000000122e-02
1.537900000000000100e-01 -5.577000000000000013e-02
2.036900000000000099e-01 -5.428999999999999798e-02
3.033100000000000240e-01 -4.884000000000000147e-02
4.028599999999999959e-01 -4.209000000000000241e-02
5.023999999999999577e-01 -3.534000000000000336e-02
6.019400000000000306e-01 -2.859000000000000083e-02
7.014799999999999924e-01 -2.183999999999999830e-02
8.010199999999999543e-01 -1.508999999999999925e-02
9.005699999999999816e-01 -8.340000000000000191e-03
9.503399999999999626e-01 -4.969999999999999592e-03
1.000000000000000000e+00 -1.600000000000000077e-03
