1.000000000000000000e+00 1.449999999999999900e-03
9.498900000000000121e-01 1.051999999999999984e-02
8.997899999999999787e-01 1.999000000000000082e-02
7.995999999999999774e-01 3.763999999999999985e-02
6.994399999999999507e-01 5.288000000000000339e-02
5.993000000000000549e-01 6.682000000000000439e-02
4.991700000000000026e-01 7.857000000000000095e-02
3.991100000000000203e-01 8.561000000000000554e-02
2.990800000000000125e-01 8.705999999999999850e-02
1.991499999999999937e-01 8.010000000000000453e-02
1.492400000000000115e-01 7.197000000000000619e-02
9.936000000000000387e-02 6.105000000000000010e-02
7.445000000000000229e-02 5.229000000000000314e-02
4.955999999999999989e-02 4.202000000000000179e-02
2.470999999999999933e-02 2.766000000000000056e-02
1.231999999999999935e-02 1.753000000000000044e-02
0.000000000000000000e+00 0.000000000000000000e+00
1.259000000000000050e-02 -8.970000000000000542e-03
2.511000000000000038e-02 -1.054000000000000076e-02
5.011999999999999789e-02 -1.106999999999999998e-02
7.512000000000000621e-02 -1.120999999999999948e-02
1.000999999999999945e-01 -9.939999999999999183e-03
1.500700000000000089e-01 -6.320000000000000097e-03
2.000399999999999956e-01 -3.389999999999999784e-03
2.999899999999999789e-01 1.160000000000000007e-03
3.999699999999999922e-01 2.820000000000000024e-03
4.999600000000000155e-01 3.870000000000000176e-03
5.999499999999999833e-01 3.830000000000000071e-03
6.999600000000000266e-01 3.380000000000000192e-03
7.999800000000000244e-01 1.940000000000000101e-03
9.000000000000000222e-01 3.899999999999999929e-04
9.500100000000000211e-01 -7.799999999999999859e-04
1.000000000000000000e+00 -1.449999999999999900e-03
