1.000000000000000000e+00 0.000000000000000000e+00
9.000000000000000222e-01 1.220000000000000077e-02
8.000000000000000444e-01 2.939999999999999905e-02
6.999999999999999556e-01 4.839999999999999858e-02
5.999999999999999778e-01 6.950000000000000622e-02
5.000000000000000000e-01 8.780000000000000304e-02
4.000000000000000222e-01 1.024000000000000049e-01
2.999999999999999889e-01 1.110000000000000014e-01
2.500000000000000000e-01 1.111000000000000043e-01
2.000000000000000111e-01 1.074999999999999983e-01
1.499999999999999944e-01 1.010999999999999954e-01
1.000000000000000056e-01 8.849999999999999534e-02
7.499999999999999722e-02 7.789999999999999702e-02
5.000000000000000278e-02 6.389999999999999847e-02
2.500000000000000139e-02 4.590000000000000330e-02
1.250000000000000069e-02 3.119999999999999857e-02
0.000000000000000000e+00 0.000000000000000000e+00
1.250000000000000069e-02 -8.300000000000000086e-03
2.500000000000000139e-02 -1.119999999999999989e-02
5.000000000000000278e-02 -1.220000000000000077e-02
7.499999999999999722e-02 -1.069999999999999944e-02
1.000000000000000056e-01 -7.900000000000000772e-03
1.499999999999999944e-01 -2.899999999999999800e-03
2.000000000000000111e-01 5.300000000000000024e-03
2.500000000000000000e-01 2.259999999999999856e-02
2.999999999999999889e-01 3.259999999999999704e-02
4.000000000000000222e-01 3.910000000000000281e-02
5.000000000000000000e-01 3.459999999999999881e-02
5.999999999999999778e-01 2.779999999999999832e-02
6.999999999999999556e-01 1.720000000000000001e-02
8.000000000000000444e-01 7.300000000000000065e-03
9.000000000000000222e-01 0.000000000000000000e+00
1.000000000000000000e+00 0.000000000000000000e+00
