1.000000000000000000e+00 2.599999999999999881e-03
9.500399999999999956e-01 1.010999999999999920e-02
9.000799999999999912e-01 1.952999999999999875e-02
8.001899999999999569e-01 4.365999999999999742e-02
7.003099999999999881e-01 7.129000000000000614e-02
6.004199999999999537e-01 9.882000000000000506e-02
5.005300000000000304e-01 1.228500000000000009e-01
4.006000000000000116e-01 1.393800000000000039e-01
3.006199999999999983e-01 1.434100000000000097e-01
2.005599999999999883e-01 1.297399999999999942e-01
1.504900000000000126e-01 1.143499999999999933e-01
1.004000000000000031e-01 9.206999999999999906e-02
7.532999999999999419e-02 7.747999999999999332e-02
5.025999999999999912e-02 5.988000000000000267e-02
2.515999999999999834e-02 3.828999999999999765e-02
1.260999999999999968e-02 2.444999999999999951e-02
0.000000000000000000e+00 0.000000000000000000e+00
1.244999999999999926e-02 -1.184999999999999942e-02
2.494999999999999996e-02 -1.180999999999999932e-02
4.997000000000000053e-02 -8.009999999999999759e-03
7.499000000000000110e-02 -2.520000000000000104e-03
1.000100000000000017e-01 2.870000000000000155e-03
1.500499999999999889e-01 1.184999999999999942e-02
2.000800000000000078e-01 1.864000000000000032e-02
3.000999999999999779e-01 2.391000000000000070e-02
4.000900000000000012e-01 2.058000000000000107e-02
5.000499999999999945e-01 1.154999999999999950e-02
5.999999999999999778e-01 5.199999999999999544e-04
6.999600000000000266e-01 -9.310000000000000567e-03
7.999300000000000299e-01 -1.514000000000000068e-02
8.999399999999999622e-01 -1.376999999999999925e-02
9.499600000000000266e-01 -9.480000000000000579e-03
1.000000000000000000e+00 -2.599999999999999881e-03
