1.000000000000000000e+00 4.700000000000000185e-03
9.000000000000000222e-01 9.419999999999999554e-03
8.000000000000000444e-01 2.074000000000000149e-02
6.999999999999999556e-01 3.586000000000000298e-02
5.999999999999999778e-01 5.197999999999999843e-02
5.000000000000000000e-01 6.660000000000000642e-02
4.000000000000000222e-01 7.721999999999999698e-02
2.999999999999999889e-01 8.093999999999999806e-02
2.000000000000000111e-01 7.475999999999999313e-02
1.499999999999999944e-01 6.691999999999999338e-02
1.000000000000000056e-01 5.548000000000000154e-02
7.499999999999999722e-02 4.771000000000000241e-02
5.000000000000000278e-02 3.853999999999999787e-02
2.500000000000000139e-02 2.736999999999999850e-02
1.250000000000000069e-02 2.033000000000000085e-02
0.000000000000000000e+00 0.000000000000000000e+00
1.250000000000000069e-02 -1.600000000000000131e-04
2.500000000000000139e-02 6.999999999999999387e-05
5.000000000000000278e-02 2.540000000000000157e-03
7.499999999999999722e-02 5.510000000000000141e-03
1.000000000000000056e-01 7.579999999999999932e-03
1.499999999999999944e-01 1.382000000000000069e-02
2.000000000000000111e-01 1.716000000000000164e-02
2.999999999999999889e-01 1.914000000000000076e-02
4.000000000000000222e-01 1.532000000000000028e-02
5.000000000000000000e-01 8.699999999999999400e-03
5.999999999999999778e-01 5.800000000000000034e-04
6.999999999999999556e-01 -6.539999999999999807e-03
8.000000000000000444e-01 -1.055999999999999994e-02
9.000000000000000222e-01 -8.880000000000000740e-03
1.000000000000000000e+00 0.000000000000000000e+00
