1.000000000000000000e+00 0.000000000000000000e+00
9.000000000000000222e-01 1.329999999999999932e-02
8.000000000000000444e-01 3.309999999999999748e-02
6.999999999999999556e-01 5.439999999999999697e-02
5.999999999999999778e-01 7.820000000000000562e-02
5.000000000000000000e-01 9.890000000000000180e-02
4.000000000000000222e-01 1.156999999999999973e-01
2.999999999999999889e-01 1.241000000000000020e-01
2.500000000000000000e-01 1.250000000000000000e-01
2.000000000000000111e-01 1.212000000000000022e-01
1.499999999999999944e-01 1.139000000000000012e-01
1.000000000000000056e-01 9.950000000000000511e-02
7.499999999999999722e-02 8.749999999999999445e-02
5.000000000000000278e-02 7.180000000000000271e-02
2.500000000000000139e-02 5.059999999999999915e-02
1.250000000000000069e-02 3.500000000000000333e-02
0.000000000000000000e+00 0.000000000000000000e+00
1.250000000000000069e-02 -1.000000000000000021e-02
2.500000000000000139e-02 -1.290000000000000001e-02
5.000000000000000278e-02 -1.370000000000000037e-02
7.499999999999999722e-02 -1.200000000000000025e-02
1.000000000000000056e-01 -9.799999999999999684e-03
1.499999999999999944e-01 -3.299999999999999982e-03
2.000000000000000111e-01 1.739999999999999880e-02
2.500000000000000000e-01 2.980000000000000010e-02
2.999999999999999889e-01 3.679999999999999938e-02
4.000000000000000222e-01 4.429999999999999910e-02
5.000000000000000000e-01 3.880000000000000115e-02
5.999999999999999778e-01 3.109999999999999917e-02
6.999999999999999556e-01 1.940000000000000058e-02
8.000000000000000444e-01 8.300000000000000086e-03
9.000000000000000222e-01 0.000000000000000000e+00
1.000000000000000000e+00 0.000000000000000000e+00
