1.000000000000000000e+00 0.000000000000000000e+00
9.993980000000000086e-01 1.279999999999999942e-04
9.975920000000000343e-01 5.100000000000000366e-04
9.945880000000000276e-01 1.136999999999999990e-03
9.903929999999999678e-01 2.001000000000000174e-03
9.850160000000000027e-01 3.092000000000000130e-03
9.784699999999999509e-01 4.401000000000000398e-03
9.707719999999999683e-01 5.915000000000000119e-03
9.619400000000000173e-01 7.622000000000000303e-03
9.519950000000000356e-01 9.508000000000000826e-03
9.409610000000000474e-01 1.156199999999999936e-02
9.288640000000000230e-01 1.376899999999999999e-02
9.157349999999999657e-01 1.611299999999999885e-02
9.016039999999999610e-01 1.857999999999999929e-02
8.865049999999999875e-01 2.115300000000000166e-02
8.704760000000000275e-01 2.381700000000000136e-02
8.535530000000000062e-01 2.655400000000000121e-02
8.357790000000000497e-01 2.934700000000000156e-02
8.171969999999999512e-01 3.217600000000000321e-02
7.978499999999999481e-01 3.501699999999999952e-02
7.777849999999999486e-01 3.784699999999999870e-02
7.570510000000000295e-01 4.064099999999999657e-02
7.356979999999999631e-01 4.337699999999999889e-02
7.137780000000000236e-01 4.602900000000000047e-02
6.913420000000000121e-01 4.857500000000000012e-02
6.684449999999999559e-01 5.099299999999999666e-02
6.451419999999999932e-01 5.325799999999999979e-02
6.214899999999999869e-01 5.534399999999999736e-02
5.975449999999999928e-01 5.721799999999999803e-02
5.733650000000000135e-01 5.884500000000000147e-02
5.490089999999999693e-01 6.019399999999999751e-02
5.245339999999999447e-01 6.125400000000000289e-02
5.000000000000000000e-01 6.202900000000000080e-02
4.754659999999999997e-01 6.253000000000000225e-02
4.509909999999999752e-01 6.277399999999999647e-02
4.266349999999999865e-01 6.277900000000000147e-02
4.024550000000000072e-01 6.256200000000000649e-02
3.785100000000000131e-01 6.213300000000000073e-02
3.548580000000000068e-01 6.149700000000000305e-02
3.315549999999999886e-01 6.065999999999999864e-02
3.086579999999999879e-01 5.962900000000000145e-02
2.862219999999999764e-01 5.841400000000000065e-02
2.643019999999999814e-01 5.702600000000000030e-02
2.429489999999999983e-01 5.546999999999999847e-02
2.222149999999999959e-01 5.375300000000000217e-02
2.021499999999999964e-01 5.188500000000000056e-02
1.828029999999999933e-01 4.987400000000000166e-02
1.642210000000000059e-01 4.772900000000000059e-02
1.464469999999999938e-01 4.545699999999999741e-02
1.295240000000000002e-01 4.307099999999999818e-02
1.134949999999999987e-01 4.058500000000000302e-02
9.839599999999999735e-02 3.801100000000000312e-02
8.426500000000000656e-02 3.536000000000000254e-02
7.113600000000000478e-02 3.264399999999999941e-02
5.903900000000000120e-02 2.987400000000000125e-02
4.800499999999999906e-02 2.706199999999999925e-02
3.805999999999999661e-02 2.421900000000000094e-02
2.922800000000000051e-02 2.134799999999999892e-02
2.153000000000000053e-02 1.844099999999999906e-02
1.498400000000000079e-02 1.548899999999999930e-02
9.606999999999999221e-03 1.247999999999999977e-02
5.412000000000000144e-03 9.416000000000000758e-03
2.407999999999999984e-03 6.305999999999999973e-03
6.019999999999999961e-04 3.164999999999999845e-03
0.000000000000000000e+00 0.000000000000000000e+00
6.019999999999999961e-04 -3.160000000000000048e-03
2.407999999999999984e-03 -6.308000000000000239e-03
5.412000000000000144e-03 -9.443000000000000005e-03
9.606999999999999221e-03 -1.255900000000000072e-02
1.498400000000000079e-02 -1.564899999999999972e-02
2.153000000000000053e-02 -1.870700000000000141e-02
2.922800000000000051e-02 -2.172200000000000172e-02
3.805999999999999661e-02 -2.468499999999999861e-02
4.800499999999999906e-02 -2.758599999999999941e-02
5.903900000000000120e-02 -3.041599999999999859e-02
7.113600000000000478e-02 -3.316999999999999810e-02
8.426500000000000656e-02 -3.584299999999999986e-02
9.839599999999999735e-02 -3.843099999999999988e-02
1.134949999999999987e-01 -4.092900000000000010e-02
1.295240000000000002e-01 -4.332600000000000340e-02
1.464469999999999938e-01 -4.560999999999999777e-02
1.642210000000000059e-01 -4.777300000000000296e-02
1.828029999999999933e-01 -4.980500000000000205e-02
2.021499999999999964e-01 -5.169399999999999690e-02
2.222149999999999959e-01 -5.342700000000000227e-02
2.429489999999999983e-01 -5.499400000000000122e-02
2.643019999999999814e-01 -5.637600000000000250e-02
2.862219999999999764e-01 -5.754700000000000093e-02
3.086579999999999879e-01 -5.845899999999999708e-02
3.315549999999999886e-01 -5.904600000000000126e-02
3.548580000000000068e-01 -5.923599999999999699e-02
3.785100000000000131e-01 -5.897399999999999864e-02
4.024550000000000072e-01 -5.822399999999999798e-02
4.266349999999999865e-01 -5.697900000000000187e-02
4.509909999999999752e-01 -5.525700000000000056e-02
4.754659999999999997e-01 -5.309900000000000037e-02
5.000000000000000000e-01 -5.056299999999999684e-02
5.245339999999999447e-01 -4.771899999999999753e-02
5.490089999999999693e-01 -4.464200000000000113e-02
5.733650000000000135e-01 -4.139700000000000324e-02
5.975449999999999928e-01 -3.804300000000000043e-02
6.214899999999999869e-01 -3.463100000000000206e-02
6.451419999999999932e-01 -3.120699999999999863e-02
6.684449999999999559e-01 -2.781399999999999845e-02
6.913420000000000121e-01 -2.449499999999999941e-02
7.137780000000000236e-01 -2.128899999999999890e-02
7.356979999999999631e-01 -1.823200000000000168e-02
7.570510000000000295e-01 -1.535700000000000086e-02
7.777849999999999486e-01 -1.268999999999999989e-02
7.978499999999999481e-01 -1.024399999999999963e-02
8.171969999999999512e-01 -8.026999999999999413e-03
8.357790000000000497e-01 -6.048000000000000424e-03
8.535530000000000062e-01 -4.314000000000000126e-03
8.704760000000000275e-01 -2.828999999999999918e-03
8.865049999999999875e-01 -1.592000000000000099e-03
9.016039999999999610e-01 -5.999999999999999474e-04
9.157349999999999657e-01 1.569999999999999944e-04
9.288640000000000230e-01 6.939999999999999555e-04
9.409610000000000474e-01 1.033000000000000064e-03
9.519950000000000356e-01 1.196999999999999930e-03
9.619400000000000173e-01 1.211999999999999970e-03
9.707719999999999683e-01 1.111999999999999924e-03
9.784699999999999509e-01 9.349999999999999587e-04
9.850160000000000027e-01 7.190000000000000210e-04
9.903929999999999678e-01 4.970000000000000459e-04
9.945880000000000276e-01 2.959999999999999849e-04
9.975920000000000343e-01 1.369999999999999961e-04
9.993980000000000086e-01 3.499999999999999693e-05
1.000000000000000000e+00 0.000000000000000000e+00
