1.000000000000000000e+00 -1.379999999999999977e-02
9.899999999999999911e-01 -1.119999999999999989e-02
9.799999999999999822e-01 -8.899999999999999925e-03
9.699999999999999734e-01 -6.799999999999999621e-03
9.599999999999999645e-01 -4.799999999999999580e-03
9.499999999999999556e-01 -2.899999999999999800e-03
9.399999999999999467e-01 -1.100000000000000066e-03
9.300000000000000488e-01 5.999999999999999474e-04
9.200000000000000400e-01 2.200000000000000133e-03
9.100000000000000311e-01 3.700000000000000164e-03
9.000000000000000222e-01 5.100000000000000366e-03
8.900000000000000133e-01 6.400000000000000307e-03
8.800000000000000044e-01 7.700000000000000247e-03
8.699999999999999956e-01 8.899999999999999925e-03
8.599999999999999867e-01 1.000000000000000021e-02
8.499999999999999778e-01 1.099999999999999936e-02
8.399999999999999689e-01 1.200000000000000025e-02
8.299999999999999600e-01 1.290000000000000001e-02
8.199999999999999512e-01 1.379999999999999977e-02
8.100000000000000533e-01 1.460000000000000013e-02
8.000000000000000444e-01 1.540000000000000049e-02
7.900000000000000355e-01 1.609999999999999973e-02
7.800000000000000266e-01 1.679999999999999896e-02
7.700000000000000178e-01 1.750000000000000167e-02
7.600000000000000089e-01 1.820000000000000090e-02
7.500000000000000000e-01 1.880000000000000074e-02
7.399999999999999911e-01 1.940000000000000058e-02
7.299999999999999822e-01 2.000000000000000042e-02
7.199999999999999734e-01 2.060000000000000026e-02
7.099999999999999645e-01 2.110000000000000070e-02
6.999999999999999556e-01 2.160000000000000114e-02
6.899999999999999467e-01 2.210000000000000159e-02
6.800000000000000488e-01 2.259999999999999856e-02
6.700000000000000400e-01 2.309999999999999901e-02
6.600000000000000311e-01 2.359999999999999945e-02
6.500000000000000222e-01 2.400000000000000050e-02
6.400000000000000133e-01 2.440000000000000155e-02
6.300000000000000044e-01 2.479999999999999913e-02
6.199999999999999956e-01 2.520000000000000018e-02
6.099999999999999867e-01 2.560000000000000123e-02
5.999999999999999778e-01 2.599999999999999881e-02
5.899999999999999689e-01 2.630000000000000046e-02
5.799999999999999600e-01 2.659999999999999865e-02
5.699999999999999512e-01 2.690000000000000030e-02
5.600000000000000533e-01 2.719999999999999848e-02
5.500000000000000444e-01 2.750000000000000014e-02
5.400000000000000355e-01 2.779999999999999832e-02
5.300000000000000266e-01 2.809999999999999998e-02
5.200000000000000178e-01 2.829999999999999877e-02
5.100000000000000089e-01 2.850000000000000103e-02
5.000000000000000000e-01 2.869999999999999982e-02
4.899999999999999911e-01 2.889999999999999861e-02
4.799999999999999822e-01 2.910000000000000087e-02
4.699999999999999734e-01 2.929999999999999966e-02
4.600000000000000200e-01 2.939999999999999905e-02
4.500000000000000111e-01 2.949999999999999845e-02
4.400000000000000022e-01 2.960000000000000131e-02
4.299999999999999933e-01 2.970000000000000070e-02
4.199999999999999845e-01 2.980000000000000010e-02
4.099999999999999756e-01 2.989999999999999949e-02
4.000000000000000222e-01 2.999999999999999889e-02
3.900000000000000133e-01 2.999999999999999889e-02
3.800000000000000044e-01 2.999999999999999889e-02
3.699999999999999956e-01 2.999999999999999889e-02
3.599999999999999867e-01 2.999999999999999889e-02
3.499999999999999778e-01 2.999999999999999889e-02
3.400000000000000244e-01 2.999999999999999889e-02
3.300000000000000155e-01 2.989999999999999949e-02
3.200000000000000067e-01 2.980000000000000010e-02
3.099999999999999978e-01 2.970000000000000070e-02
2.999999999999999889e-01 2.960000000000000131e-02
2.899999999999999800e-01 2.949999999999999845e-02
2.800000000000000266e-01 2.939999999999999905e-02
2.700000000000000178e-01 2.920000000000000026e-02
2.600000000000000089e-01 2.900000000000000147e-02
2.500000000000000000e-01 2.879999999999999921e-02
2.399999999999999911e-01 2.860000000000000042e-02
2.300000000000000100e-01 2.829999999999999877e-02
2.200000000000000011e-01 2.800000000000000058e-02
2.099999999999999922e-01 2.769999999999999893e-02
2.000000000000000111e-01 2.740000000000000074e-02
1.900000000000000022e-01 2.699999999999999969e-02
1.799999999999999933e-01 2.659999999999999865e-02
1.700000000000000122e-01 2.620000000000000107e-02
1.600000000000000033e-01 2.570000000000000062e-02
1.499999999999999944e-01 2.520000000000000018e-02
1.400000000000000133e-01 2.460000000000000034e-02
1.300000000000000044e-01 2.400000000000000050e-02
1.199999999999999956e-01 2.340000000000000066e-02
1.100000000000000006e-01 2.270000000000000143e-02
1.000000000000000056e-01 2.189999999999999933e-02
8.999999999999999667e-02 2.110000000000000070e-02
8.000000000000000167e-02 2.019999999999999921e-02
7.000000000000000666e-02 1.919999999999999832e-02
5.999999999999999778e-02 1.810000000000000150e-02
5.000000000000000278e-02 1.689999999999999836e-02
4.000000000000000083e-02 1.549999999999999989e-02
2.999999999999999889e-02 1.379999999999999977e-02
2.000000000000000042e-02 1.170000000000000033e-02
1.000000000000000021e-02 8.800000000000000530e-03
5.000000000000000104e-03 6.499999999999999702e-03
2.000000000000000042e-03 4.300000000000000003e-03
0.000000000000000000e+00 0.000000000000000000e+00
2.000000000000000042e-03 -4.300000000000000003e-03
5.000000000000000104e-03 -6.499999999999999702e-03
1.000000000000000021e-02 -8.800000000000000530e-03
2.000000000000000042e-02 -1.170000000000000033e-02
2.999999999999999889e-02 -1.379999999999999977e-02
4.000000000000000083e-02 -1.549999999999999989e-02
5.000000000000000278e-02 -1.689999999999999836e-02
5.999999999999999778e-02 -1.810000000000000150e-02
7.000000000000000666e-02 -1.919999999999999832e-02
8.000000000000000167e-02 -2.019999999999999921e-02
8.999999999999999667e-02 -2.110000000000000070e-02
1.000000000000000056e-01 -2.189999999999999933e-02
1.100000000000000006e-01 -2.270000000000000143e-02
1.199999999999999956e-01 -2.340000000000000066e-02
1.300000000000000044e-01 -2.400000000000000050e-02
1.400000000000000133e-01 -2.460000000000000034e-02
1.499999999999999944e-01 -2.510000000000000078e-02
1.600000000000000033e-01 -2.560000000000000123e-02
1.700000000000000122e-01 -2.610000000000000167e-02
1.799999999999999933e-01 -2.649999999999999925e-02
1.900000000000000022e-01 -2.690000000000000030e-02
2.000000000000000111e-01 -2.730000000000000135e-02
2.099999999999999922e-01 -2.769999999999999893e-02
2.200000000000000011e-01 -2.800000000000000058e-02
2.300000000000000100e-01 -2.829999999999999877e-02
2.399999999999999911e-01 -2.860000000000000042e-02
2.500000000000000000e-01 -2.879999999999999921e-02
2.600000000000000089e-01 -2.900000000000000147e-02
2.700000000000000178e-01 -2.920000000000000026e-02
2.800000000000000266e-01 -2.939999999999999905e-02
2.899999999999999800e-01 -2.960000000000000131e-02
2.999999999999999889e-01 -2.970000000000000070e-02
3.099999999999999978e-01 -2.980000000000000010e-02
3.200000000000000067e-01 -2.989999999999999949e-02
3.300000000000000155e-01 -2.999999999999999889e-02
3.400000000000000244e-01 -2.999999999999999889e-02
3.499999999999999778e-01 -2.999999999999999889e-02
3.599999999999999867e-01 -2.999999999999999889e-02
3.699999999999999956e-01 -2.999999999999999889e-02
3.800000000000000044e-01 -2.989999999999999949e-02
3.900000000000000133e-01 -2.980000000000000010e-02
4.000000000000000222e-01 -2.970000000000000070e-02
4.099999999999999756e-01 -2.960000000000000131e-02
4.199999999999999845e-01 -2.939999999999999905e-02
4.299999999999999933e-01 -2.920000000000000026e-02
4.400000000000000022e-01 -2.900000000000000147e-02
4.500000000000000111e-01 -2.869999999999999982e-02
4.600000000000000200e-01 -2.840000000000000163e-02
4.699999999999999734e-01 -2.809999999999999998e-02
4.799999999999999822e-01 -2.779999999999999832e-02
4.899999999999999911e-01 -2.740000000000000074e-02
5.000000000000000000e-01 -2.699999999999999969e-02
5.100000000000000089e-01 -2.659999999999999865e-02
5.200000000000000178e-01 -2.610000000000000167e-02
5.300000000000000266e-01 -2.560000000000000123e-02
5.400000000000000355e-01 -2.510000000000000078e-02
5.500000000000000444e-01 -2.460000000000000034e-02
5.600000000000000533e-01 -2.400000000000000050e-02
5.699999999999999512e-01 -2.340000000000000066e-02
5.799999999999999600e-01 -2.280000000000000082e-02
5.899999999999999689e-01 -2.220000000000000098e-02
5.999999999999999778e-01 -2.160000000000000114e-02
6.099999999999999867e-01 -2.100000000000000130e-02
6.199999999999999956e-01 -2.040000000000000147e-02
6.300000000000000044e-01 -1.969999999999999876e-02
6.400000000000000133e-01 -1.899999999999999953e-02
6.500000000000000222e-01 -1.830000000000000029e-02
6.600000000000000311e-01 -1.760000000000000106e-02
6.700000000000000400e-01 -1.689999999999999836e-02
6.800000000000000488e-01 -1.619999999999999912e-02
6.899999999999999467e-01 -1.549999999999999989e-02
6.999999999999999556e-01 -1.480000000000000066e-02
7.099999999999999645e-01 -1.409999999999999969e-02
7.199999999999999734e-01 -1.340000000000000045e-02
7.299999999999999822e-01 -1.269999999999999948e-02
7.399999999999999911e-01 -1.200000000000000025e-02
7.500000000000000000e-01 -1.129999999999999928e-02
7.600000000000000089e-01 -1.060000000000000005e-02
7.700000000000000178e-01 -9.900000000000000813e-03
7.800000000000000266e-01 -9.299999999999999239e-03
7.900000000000000355e-01 -8.699999999999999400e-03
8.000000000000000444e-01 -8.099999999999999561e-03
8.100000000000000533e-01 -7.499999999999999722e-03
8.199999999999999512e-01 -7.000000000000000146e-03
8.299999999999999600e-01 -6.499999999999999702e-03
8.399999999999999689e-01 -6.100000000000000387e-03
8.499999999999999778e-01 -5.700000000000000205e-03
8.599999999999999867e-01 -5.400000000000000286e-03
8.699999999999999956e-01 -5.199999999999999761e-03
8.800000000000000044e-01 -5.100000000000000366e-03
8.900000000000000133e-01 -5.100000000000000366e-03
9.000000000000000222e-01 -5.199999999999999761e-03
9.100000000000000311e-01 -5.400000000000000286e-03
9.200000000000000400e-01 -5.799999999999999600e-03
9.300000000000000488e-01 -6.400000000000000307e-03
9.399999999999999467e-01 -7.199999999999999803e-03
9.499999999999999556e-01 -8.200000000000000691e-03
9.599999999999999645e-01 -9.499999999999999764e-03
9.699999999999999734e-01 -1.110000000000000049e-02
9.799999999999999822e-01 -1.299999999999999940e-02
9.899999999999999911e-01 -1.519999999999999997e-02
1.000000000000000000e+00 -1.770000000000000046e-02
