1.000000000000000000e+00 0.000000000000000000e+00
9.875000000000000444e-01 1.069000000000000072e-03
9.799999999999999822e-01 1.711000000000000064e-03
9.749999999999999778e-01 2.138999999999999842e-03
9.599999999999999645e-01 3.422000000000000128e-03
9.499999999999999556e-01 4.277999999999999685e-03
9.399999999999999467e-01 5.133000000000000410e-03
9.250000000000000444e-01 6.427000000000000421e-03
9.200000000000000400e-01 6.844000000000000257e-03
9.000000000000000222e-01 8.555999999999999370e-03
8.800000000000000044e-01 1.026700000000000008e-02
8.599999999999999867e-01 1.197800000000000080e-02
8.499999999999999778e-01 1.283300000000000066e-02
8.399999999999999689e-01 1.368899999999999978e-02
8.199999999999999512e-01 1.540000000000000049e-02
8.000000000000000444e-01 1.711100000000000121e-02
7.800000000000000266e-01 1.882199999999999845e-02
7.600000000000000089e-01 2.053299999999999917e-02
7.500000000000000000e-01 2.138899999999999829e-02
7.399999999999999911e-01 2.224500000000000088e-02
7.199999999999999734e-01 2.395299999999999860e-02
6.999999999999999556e-01 2.565399999999999972e-02
6.800000000000000488e-01 2.734299999999999925e-02
6.600000000000000311e-01 2.901499999999999913e-02
6.500000000000000222e-01 2.984300000000000147e-02
6.400000000000000133e-01 3.066500000000000128e-02
6.199999999999999956e-01 3.228799999999999726e-02
5.999999999999999778e-01 3.387899999999999939e-02
5.799999999999999600e-01 3.543199999999999822e-02
5.600000000000000533e-01 3.694299999999999667e-02
5.500000000000000444e-01 3.767999999999999822e-02
5.400000000000000355e-01 3.840500000000000164e-02
5.200000000000000178e-01 3.981400000000000217e-02
5.000000000000000000e-01 4.116299999999999820e-02
4.799999999999999822e-01 4.244699999999999862e-02
4.600000000000000200e-01 4.365700000000000136e-02
4.500000000000000111e-01 4.423400000000000248e-02
4.400000000000000022e-01 4.478900000000000242e-02
4.199999999999999845e-01 4.583399999999999974e-02
4.000000000000000222e-01 4.678500000000000020e-02
3.800000000000000044e-01 4.763300000000000173e-02
3.599999999999999867e-01 4.836900000000000227e-02
3.499999999999999778e-01 4.869099999999999817e-02
3.400000000000000244e-01 4.898299999999999876e-02
3.200000000000000067e-01 4.946400000000000102e-02
2.999999999999999889e-01 4.979900000000000299e-02
2.800000000000000266e-01 4.997599999999999959e-02
2.600000000000000089e-01 4.997800000000000159e-02
2.500000000000000000e-01 4.990800000000000097e-02
2.399999999999999911e-01 4.978699999999999792e-02
2.200000000000000011e-01 4.938200000000000228e-02
2.000000000000000111e-01 4.873700000000000254e-02
1.799999999999999933e-01 4.782299999999999746e-02
1.600000000000000033e-01 4.660000000000000253e-02
1.499999999999999944e-01 4.585899999999999699e-02
1.400000000000000133e-01 4.501999999999999752e-02
1.199999999999999956e-01 4.301900000000000168e-02
1.000000000000000056e-01 4.050499999999999934e-02
8.999999999999999667e-02 3.901600000000000207e-02
8.000000000000000167e-02 3.734400000000000219e-02
7.499999999999999722e-02 3.642900000000000305e-02
7.000000000000000666e-02 3.545700000000000240e-02
5.999999999999999778e-02 3.331599999999999839e-02
5.000000000000000278e-02 3.086099999999999954e-02
4.000000000000000083e-02 2.800599999999999964e-02
3.500000000000000333e-02 2.638700000000000073e-02
2.999999999999999889e-02 2.460499999999999840e-02
2.500000000000000139e-02 2.262199999999999975e-02
2.000000000000000042e-02 2.037699999999999928e-02
1.799999999999999864e-02 1.938700000000000145e-02
1.600000000000000033e-02 1.832900000000000154e-02
1.400000000000000029e-02 1.719400000000000095e-02
1.250000000000000069e-02 1.628100000000000033e-02
1.200000000000000025e-02 1.596300000000000149e-02
1.000000000000000021e-02 1.461299999999999925e-02
8.999999999999999320e-03 1.388299999999999951e-02
8.000000000000000167e-03 1.310700000000000059e-02
7.499999999999999722e-03 1.269999999999999948e-02
7.000000000000000146e-03 1.227800000000000072e-02
6.000000000000000125e-03 1.138300000000000076e-02
5.000000000000000104e-03 1.040600000000000032e-02
4.000000000000000083e-03 9.320000000000000159e-03
3.000000000000000062e-03 8.082999999999999907e-03
2.000000000000000042e-03 6.609000000000000291e-03
1.000000000000000021e-03 4.680000000000000132e-03
0.000000000000000000e+00 0.000000000000000000e+00
1.000000000000000021e-03 -4.680000000000000132e-03
2.000000000000000042e-03 -6.609000000000000291e-03
3.000000000000000062e-03 -8.082999999999999907e-03
4.000000000000000083e-03 -9.320000000000000159e-03
5.000000000000000104e-03 -1.040600000000000032e-02
6.000000000000000125e-03 -1.138300000000000076e-02
7.000000000000000146e-03 -1.227800000000000072e-02
7.499999999999999722e-03 -1.269999999999999948e-02
8.000000000000000167e-03 -1.310700000000000059e-02
8.999999999999999320e-03 -1.388299999999999951e-02
1.000000000000000021e-02 -1.461299999999999925e-02
1.200000000000000025e-02 -1.596300000000000149e-02
1.250000000000000069e-02 -1.628100000000000033e-02
1.400000000000000029e-02 -1.719400000000000095e-02
1.600000000000000033e-02 -1.832900000000000154e-02
1.799999999999999864e-02 -1.938700000000000145e-02
2.000000000000000042e-02 -2.037699999999999928e-02
2.500000000000000139e-02 -2.262199999999999975e-02
2.999999999999999889e-02 -2.460499999999999840e-02
3.500000000000000333e-02 -2.638700000000000073e-02
4.000000000000000083e-02 -2.800599999999999964e-02
5.000000000000000278e-02 -3.086099999999999954e-02
5.999999999999999778e-02 -3.331599999999999839e-02
7.000000000000000666e-02 -3.545700000000000240e-02
7.499999999999999722e-02 -3.642900000000000305e-02
8.000000000000000167e-02 -3.734400000000000219e-02
8.999999999999999667e-02 -3.901600000000000207e-02
1.000000000000000056e-01 -4.050499999999999934e-02
1.199999999999999956e-01 -4.301900000000000168e-02
1.400000000000000133e-01 -4.501999999999999752e-02
1.499999999999999944e-01 -4.585899999999999699e-02
1.600000000000000033e-01 -4.660000000000000253e-02
1.799999999999999933e-01 -4.782299999999999746e-02
2.000000000000000111e-01 -4.873700000000000254e-02
2.200000000000000011e-01 -4.938200000000000228e-02
2.399999999999999911e-01 -4.978699999999999792e-02
2.500000000000000000e-01 -4.990800000000000097e-02
2.600000000000000089e-01 -4.997800000000000159e-02
2.800000000000000266e-01 -4.997599999999999959e-02
2.999999999999999889e-01 -4.979900000000000299e-02
3.200000000000000067e-01 -4.946400000000000102e-02
3.400000000000000244e-01 -4.898299999999999876e-02
3.499999999999999778e-01 -4.869099999999999817e-02
3.599999999999999867e-01 -4.836900000000000227e-02
3.800000000000000044e-01 -4.763300000000000173e-02
4.000000000000000222e-01 -4.678500000000000020e-02
4.199999999999999845e-01 -4.583399999999999974e-02
4.400000000000000022e-01 -4.478900000000000242e-02
4.500000000000000111e-01 -4.423400000000000248e-02
4.600000000000000200e-01 -4.365700000000000136e-02
4.799999999999999822e-01 -4.244699999999999862e-02
5.000000000000000000e-01 -4.116299999999999820e-02
5.200000000000000178e-01 -3.981400000000000217e-02
5.400000000000000355e-01 -3.840500000000000164e-02
5.500000000000000444e-01 -3.767999999999999822e-02
5.600000000000000533e-01 -3.694299999999999667e-02
5.799999999999999600e-01 -3.543199999999999822e-02
5.999999999999999778e-01 -3.387899999999999939e-02
6.199999999999999956e-01 -3.228799999999999726e-02
6.400000000000000133e-01 -3.066500000000000128e-02
6.500000000000000222e-01 -2.984300000000000147e-02
6.600000000000000311e-01 -2.901499999999999913e-02
6.800000000000000488e-01 -2.734299999999999925e-02
6.999999999999999556e-01 -2.565399999999999972e-02
7.199999999999999734e-01 -2.395299999999999860e-02
7.399999999999999911e-01 -2.224500000000000088e-02
7.500000000000000000e-01 -2.138899999999999829e-02
7.600000000000000089e-01 -2.053299999999999917e-02
7.800000000000000266e-01 -1.882199999999999845e-02
8.000000000000000444e-01 -1.711100000000000121e-02
8.199999999999999512e-01 -1.540000000000000049e-02
8.399999999999999689e-01 -1.368899999999999978e-02
8.499999999999999778e-01 -1.283300000000000066e-02
8.599999999999999867e-01 -1.197800000000000080e-02
8.800000000000000044e-01 -1.026700000000000008e-02
9.000000000000000222e-01 -8.555999999999999370e-03
9.200000000000000400e-01 -6.844000000000000257e-03
9.250000000000000444e-01 -6.427000000000000421e-03
9.399999999999999467e-01 -5.133000000000000410e-03
9.499999999999999556e-01 -4.277999999999999685e-03
9.599999999999999645e-01 -3.422000000000000128e-03
9.749999999999999778e-01 -2.138999999999999842e-03
9.799999999999999822e-01 -1.711000000000000064e-03
9.875000000000000444e-01 -1.069000000000000072e-03
1.000000000000000000e+00 0.000000000000000000e+00
