1.000000000000000000e+00 0.000000000000000000e+00
9.875000000000000444e-01 1.311000000000000099e-03
9.799999999999999822e-01 2.096999999999999906e-03
9.749999999999999778e-01 2.622000000000000199e-03
9.599999999999999645e-01 4.194999999999999944e-03
9.499999999999999556e-01 5.244000000000000397e-03
9.399999999999999467e-01 6.291999999999999850e-03
9.250000000000000444e-01 7.865000000000000463e-03
9.200000000000000400e-01 8.389999999999999888e-03
9.000000000000000222e-01 1.048699999999999979e-02
8.800000000000000044e-01 1.258500000000000070e-02
8.599999999999999867e-01 1.468200000000000061e-02
8.499999999999999778e-01 1.573099999999999846e-02
8.399999999999999689e-01 1.677999999999999978e-02
8.199999999999999512e-01 1.887700000000000142e-02
8.000000000000000444e-01 2.097500000000000059e-02
7.800000000000000266e-01 2.307400000000000076e-02
7.600000000000000089e-01 2.517300000000000093e-02
7.500000000000000000e-01 2.621800000000000172e-02
7.399999999999999911e-01 2.725999999999999951e-02
7.199999999999999734e-01 2.932600000000000137e-02
6.999999999999999556e-01 3.136400000000000299e-02
6.800000000000000488e-01 3.336200000000000276e-02
6.600000000000000311e-01 3.531299999999999717e-02
6.500000000000000222e-01 3.626700000000000063e-02
6.400000000000000133e-01 3.720600000000000296e-02
6.199999999999999956e-01 3.903000000000000219e-02
5.999999999999999778e-01 4.077299999999999675e-02
5.799999999999999600e-01 4.242300000000000237e-02
5.600000000000000533e-01 4.396499999999999714e-02
5.500000000000000444e-01 4.468899999999999956e-02
5.400000000000000355e-01 4.537999999999999673e-02
5.200000000000000178e-01 4.664399999999999796e-02
5.000000000000000000e-01 4.771500000000000047e-02
4.799999999999999822e-01 4.852299999999999669e-02
4.600000000000000200e-01 4.912799999999999806e-02
4.500000000000000111e-01 4.936700000000000116e-02
4.400000000000000022e-01 4.956499999999999795e-02
4.199999999999999845e-01 4.984800000000000342e-02
4.000000000000000222e-01 4.998500000000000165e-02
3.800000000000000044e-01 4.998199999999999865e-02
3.599999999999999867e-01 4.984100000000000336e-02
3.499999999999999778e-01 4.972000000000000031e-02
3.400000000000000244e-01 4.956499999999999795e-02
3.200000000000000067e-01 4.915100000000000025e-02
2.999999999999999889e-01 4.859700000000000131e-02
2.800000000000000266e-01 4.789999999999999813e-02
2.600000000000000089e-01 4.705499999999999960e-02
2.500000000000000000e-01 4.657399999999999735e-02
2.399999999999999911e-01 4.605200000000000266e-02
2.200000000000000011e-01 4.488400000000000029e-02
2.000000000000000111e-01 4.353599999999999831e-02
1.799999999999999933e-01 4.199200000000000155e-02
1.600000000000000033e-01 4.023000000000000187e-02
1.499999999999999944e-01 3.925800000000000123e-02
1.400000000000000133e-01 3.822099999999999803e-02
1.199999999999999956e-01 3.592100000000000154e-02
1.000000000000000056e-01 3.327299999999999702e-02
8.999999999999999667e-02 3.179200000000000081e-02
8.000000000000000167e-02 3.018500000000000003e-02
7.499999999999999722e-02 2.932799999999999990e-02
7.000000000000000666e-02 2.843199999999999894e-02
5.999999999999999778e-02 2.650299999999999878e-02
5.000000000000000278e-02 2.435700000000000018e-02
4.000000000000000083e-02 2.193099999999999911e-02
3.500000000000000333e-02 2.058199999999999960e-02
2.999999999999999889e-02 1.911799999999999958e-02
2.500000000000000139e-02 1.750900000000000026e-02
2.000000000000000042e-02 1.571099999999999927e-02
1.799999999999999864e-02 1.492399999999999977e-02
1.600000000000000033e-02 1.408799999999999983e-02
1.400000000000000029e-02 1.319500000000000013e-02
1.250000000000000069e-02 1.247999999999999977e-02
1.200000000000000025e-02 1.223199999999999982e-02
1.000000000000000021e-02 1.118099999999999997e-02
8.999999999999999320e-03 1.061400000000000017e-02
8.000000000000000167e-03 1.001299999999999933e-02
7.499999999999999722e-03 9.698000000000000023e-03
7.000000000000000146e-03 9.372000000000000122e-03
6.000000000000000125e-03 8.682000000000000481e-03
5.000000000000000104e-03 7.931000000000000549e-03
4.000000000000000083e-03 7.098000000000000143e-03
3.000000000000000062e-03 6.151000000000000217e-03
2.000000000000000042e-03 5.024999999999999953e-03
1.000000000000000021e-03 3.556000000000000133e-03
0.000000000000000000e+00 0.000000000000000000e+00
1.000000000000000021e-03 -3.556000000000000133e-03
2.000000000000000042e-03 -5.024999999999999953e-03
3.000000000000000062e-03 -6.151000000000000217e-03
4.000000000000000083e-03 -7.098000000000000143e-03
5.000000000000000104e-03 -7.931000000000000549e-03
6.000000000000000125e-03 -8.682000000000000481e-03
7.000000000000000146e-03 -9.372000000000000122e-03
7.499999999999999722e-03 -9.698000000000000023e-03
8.000000000000000167e-03 -1.001299999999999933e-02
8.999999999999999320e-03 -1.061400000000000017e-02
1.000000000000000021e-02 -1.118099999999999997e-02
1.200000000000000025e-02 -1.223199999999999982e-02
1.250000000000000069e-02 -1.247999999999999977e-02
1.400000000000000029e-02 -1.319500000000000013e-02
1.600000000000000033e-02 -1.408799999999999983e-02
1.799999999999999864e-02 -1.492399999999999977e-02
2.000000000000000042e-02 -1.571099999999999927e-02
2.500000000000000139e-02 -1.750900000000000026e-02
2.999999999999999889e-02 -1.911799999999999958e-02
3.500000000000000333e-02 -2.058199999999999960e-02
4.000000000000000083e-02 -2.193099999999999911e-02
5.000000000000000278e-02 -2.435700000000000018e-02
5.999999999999999778e-02 -2.650299999999999878e-02
7.000000000000000666e-02 -2.843199999999999894e-02
7.499999999999999722e-02 -2.932799999999999990e-02
8.000000000000000167e-02 -3.018500000000000003e-02
8.999999999999999667e-02 -3.179200000000000081e-02
1.000000000000000056e-01 -3.327299999999999702e-02
1.199999999999999956e-01 -3.592100000000000154e-02
1.400000000000000133e-01 -3.822099999999999803e-02
1.499999999999999944e-01 -3.925800000000000123e-02
1.600000000000000033e-01 -4.023000000000000187e-02
1.799999999999999933e-01 -4.199200000000000155e-02
2.000000000000000111e-01 -4.353599999999999831e-02
2.200000000000000011e-01 -4.488400000000000029e-02
2.399999999999999911e-01 -4.605200000000000266e-02
2.500000000000000000e-01 -4.657399999999999735e-02
2.600000000000000089e-01 -4.705499999999999960e-02
2.800000000000000266e-01 -4.789999999999999813e-02
2.999999999999999889e-01 -4.859700000000000131e-02
3.200000000000000067e-01 -4.915100000000000025e-02
3.400000000000000244e-01 -4.956499999999999795e-02
3.499999999999999778e-01 -4.972000000000000031e-02
3.599999999999999867e-01 -4.984100000000000336e-02
3.800000000000000044e-01 -4.998199999999999865e-02
4.000000000000000222e-01 -4.998500000000000165e-02
4.199999999999999845e-01 -4.984800000000000342e-02
4.400000000000000022e-01 -4.956499999999999795e-02
4.500000000000000111e-01 -4.936700000000000116e-02
4.600000000000000200e-01 -4.912799999999999806e-02
4.799999999999999822e-01 -4.852299999999999669e-02
5.000000000000000000e-01 -4.771500000000000047e-02
5.200000000000000178e-01 -4.664399999999999796e-02
5.400000000000000355e-01 -4.537999999999999673e-02
5.500000000000000444e-01 -4.468899999999999956e-02
5.600000000000000533e-01 -4.396499999999999714e-02
5.799999999999999600e-01 -4.242300000000000237e-02
5.999999999999999778e-01 -4.077299999999999675e-02
6.199999999999999956e-01 -3.903000000000000219e-02
6.400000000000000133e-01 -3.720600000000000296e-02
6.500000000000000222e-01 -3.626700000000000063e-02
6.600000000000000311e-01 -3.531299999999999717e-02
6.800000000000000488e-01 -3.336200000000000276e-02
6.999999999999999556e-01 -3.136400000000000299e-02
7.199999999999999734e-01 -2.932600000000000137e-02
7.399999999999999911e-01 -2.725999999999999951e-02
7.500000000000000000e-01 -2.621800000000000172e-02
7.600000000000000089e-01 -2.517300000000000093e-02
7.800000000000000266e-01 -2.307400000000000076e-02
8.000000000000000444e-01 -2.097500000000000059e-02
8.199999999999999512e-01 -1.887700000000000142e-02
8.399999999999999689e-01 -1.677999999999999978e-02
8.499999999999999778e-01 -1.573099999999999846e-02
8.599999999999999867e-01 -1.468200000000000061e-02
8.800000000000000044e-01 -1.258500000000000070e-02
9.000000000000000222e-01 -1.048699999999999979e-02
9.200000000000000400e-01 -8.389999999999999888e-03
9.250000000000000444e-01 -7.865000000000000463e-03
9.399999999999999467e-01 -6.291999999999999850e-03
9.499999999999999556e-01 -5.244000000000000397e-03
9.599999999999999645e-01 -4.194999999999999944e-03
9.749999999999999778e-01 -2.622000000000000199e-03
9.799999999999999822e-01 -2.096999999999999906e-03
9.875000000000000444e-01 -1.311000000000000099e-03
1.000000000000000000e+00 0.000000000000000000e+00
