1.000000000000000000e+00 0.000000000000000000e+00
9.875000000000000444e-01 1.489000000000000089e-03
9.799999999999999822e-01 2.382000000000000003e-03
9.749999999999999778e-01 2.977000000000000045e-03
9.599999999999999645e-01 4.764000000000000005e-03
9.499999999999999556e-01 5.955000000000000224e-03
9.399999999999999467e-01 7.146999999999999707e-03
9.250000000000000444e-01 8.932000000000000703e-03
9.200000000000000400e-01 9.528000000000000011e-03
9.000000000000000222e-01 1.191000000000000045e-02
8.800000000000000044e-01 1.429199999999999915e-02
8.599999999999999867e-01 1.667300000000000032e-02
8.499999999999999778e-01 1.786400000000000141e-02
8.399999999999999689e-01 1.905499999999999902e-02
8.199999999999999512e-01 2.143700000000000119e-02
8.000000000000000444e-01 2.381899999999999989e-02
7.800000000000000266e-01 2.619300000000000100e-02
7.600000000000000089e-01 2.854500000000000093e-02
7.500000000000000000e-01 2.970799999999999830e-02
7.399999999999999911e-01 3.086099999999999954e-02
7.199999999999999734e-01 3.312799999999999773e-02
6.999999999999999556e-01 3.533100000000000129e-02
6.800000000000000488e-01 3.745199999999999918e-02
6.600000000000000311e-01 3.947300000000000114e-02
6.500000000000000222e-01 4.043800000000000172e-02
6.400000000000000133e-01 4.136999999999999705e-02
6.199999999999999956e-01 4.311299999999999855e-02
5.999999999999999778e-01 4.465000000000000219e-02
5.799999999999999600e-01 4.589200000000000224e-02
5.600000000000000533e-01 4.691700000000000037e-02
5.500000000000000444e-01 4.736300000000000232e-02
5.400000000000000355e-01 4.776899999999999896e-02
5.200000000000000178e-01 4.846799999999999720e-02
5.000000000000000000e-01 4.902700000000000113e-02
4.799999999999999822e-01 4.945399999999999796e-02
4.600000000000000200e-01 4.975600000000000162e-02
4.500000000000000111e-01 4.986199999999999660e-02
4.400000000000000022e-01 4.993700000000000222e-02
4.199999999999999845e-01 5.000000000000000278e-02
4.000000000000000222e-01 4.994599999999999734e-02
3.800000000000000044e-01 4.977499999999999980e-02
3.599999999999999867e-01 4.948799999999999727e-02
3.499999999999999778e-01 4.929999999999999660e-02
3.400000000000000244e-01 4.908200000000000063e-02
3.200000000000000067e-01 4.855600000000000194e-02
2.999999999999999889e-01 4.790500000000000314e-02
2.800000000000000266e-01 4.712399999999999922e-02
2.600000000000000089e-01 4.620799999999999907e-02
2.500000000000000000e-01 4.569700000000000151e-02
2.399999999999999911e-01 4.514900000000000163e-02
2.200000000000000011e-01 4.393600000000000283e-02
2.000000000000000111e-01 4.255599999999999661e-02
1.799999999999999933e-01 4.099200000000000066e-02
1.600000000000000033e-01 3.922400000000000192e-02
1.499999999999999944e-01 3.825400000000000328e-02
1.400000000000000133e-01 3.722199999999999814e-02
1.199999999999999956e-01 3.494499999999999690e-02
1.000000000000000056e-01 3.233599999999999669e-02
8.999999999999999667e-02 3.088099999999999873e-02
8.000000000000000167e-02 2.930699999999999972e-02
7.499999999999999722e-02 2.846800000000000025e-02
7.000000000000000666e-02 2.759199999999999847e-02
5.999999999999999778e-02 2.570899999999999921e-02
5.000000000000000278e-02 2.361699999999999910e-02
4.000000000000000083e-02 2.125600000000000059e-02
3.500000000000000333e-02 1.994999999999999898e-02
2.999999999999999889e-02 1.852200000000000027e-02
2.500000000000000139e-02 1.695999999999999938e-02
2.000000000000000042e-02 1.521499999999999936e-02
1.799999999999999864e-02 1.445199999999999957e-02
1.600000000000000033e-02 1.364199999999999961e-02
1.400000000000000029e-02 1.277599999999999916e-02
1.250000000000000069e-02 1.208299999999999999e-02
1.200000000000000025e-02 1.184200000000000010e-02
1.000000000000000021e-02 1.082400000000000029e-02
8.999999999999999320e-03 1.027400000000000015e-02
8.000000000000000167e-03 9.691999999999999227e-03
7.499999999999999722e-03 9.386999999999999511e-03
7.000000000000000146e-03 9.072000000000000203e-03
6.000000000000000125e-03 8.404000000000000012e-03
5.000000000000000104e-03 7.675999999999999664e-03
4.000000000000000083e-03 6.870000000000000238e-03
3.000000000000000062e-03 5.952999999999999958e-03
2.000000000000000042e-03 4.863000000000000135e-03
1.000000000000000021e-03 3.441000000000000048e-03
0.000000000000000000e+00 0.000000000000000000e+00
1.000000000000000021e-03 -3.441000000000000048e-03
2.000000000000000042e-03 -4.863000000000000135e-03
3.000000000000000062e-03 -5.952999999999999958e-03
4.000000000000000083e-03 -6.870000000000000238e-03
5.000000000000000104e-03 -7.675999999999999664e-03
6.000000000000000125e-03 -8.404000000000000012e-03
7.000000000000000146e-03 -9.072000000000000203e-03
7.499999999999999722e-03 -9.386999999999999511e-03
8.000000000000000167e-03 -9.691999999999999227e-03
8.999999999999999320e-03 -1.027400000000000015e-02
1.000000000000000021e-02 -1.082400000000000029e-02
1.200000000000000025e-02 -1.184200000000000010e-02
1.250000000000000069e-02 -1.208299999999999999e-02
1.400000000000000029e-02 -1.277599999999999916e-02
1.600000000000000033e-02 -1.364199999999999961e-02
1.799999999999999864e-02 -1.445199999999999957e-02
2.000000000000000042e-02 -1.521499999999999936e-02
2.500000000000000139e-02 -1.695999999999999938e-02
2.999999999999999889e-02 -1.852200000000000027e-02
3.500000000000000333e-02 -1.994999999999999898e-02
4.000000000000000083e-02 -2.125600000000000059e-02
5.000000000000000278e-02 -2.361699999999999910e-02
5.999999999999999778e-02 -2.570899999999999921e-02
7.000000000000000666e-02 -2.759199999999999847e-02
7.499999999999999722e-02 -2.846800000000000025e-02
8.000000000000000167e-02 -2.930699999999999972e-02
8.999999999999999667e-02 -3.088099999999999873e-02
1.000000000000000056e-01 -3.233599999999999669e-02
1.199999999999999956e-01 -3.494499999999999690e-02
1.400000000000000133e-01 -3.722199999999999814e-02
1.499999999999999944e-01 -3.825400000000000328e-02
1.600000000000000033e-01 -3.922400000000000192e-02
1.799999999999999933e-01 -4.099200000000000066e-02
2.000000000000000111e-01 -4.255599999999999661e-02
2.200000000000000011e-01 -4.393600000000000283e-02
2.399999999999999911e-01 -4.514900000000000163e-02
2.500000000000000000e-01 -4.569700000000000151e-02
2.600000000000000089e-01 -4.620799999999999907e-02
2.800000000000000266e-01 -4.712399999999999922e-02
2.999999999999999889e-01 -4.790500000000000314e-02
3.200000000000000067e-01 -4.855600000000000194e-02
3.400000000000000244e-01 -4.908200000000000063e-02
3.499999999999999778e-01 -4.929999999999999660e-02
3.599999999999999867e-01 -4.948799999999999727e-02
3.800000000000000044e-01 -4.977499999999999980e-02
4.000000000000000222e-01 -4.994599999999999734e-02
4.199999999999999845e-01 -5.000000000000000278e-02
4.400000000000000022e-01 -4.993700000000000222e-02
4.500000000000000111e-01 -4.986199999999999660e-02
4.600000000000000200e-01 -4.975600000000000162e-02
4.799999999999999822e-01 -4.945399999999999796e-02
5.000000000000000000e-01 -4.902700000000000113e-02
5.200000000000000178e-01 -4.846799999999999720e-02
5.400000000000000355e-01 -4.776899999999999896e-02
5.500000000000000444e-01 -4.736300000000000232e-02
5.600000000000000533e-01 -4.691700000000000037e-02
5.799999999999999600e-01 -4.589200000000000224e-02
5.999999999999999778e-01 -4.465000000000000219e-02
6.199999999999999956e-01 -4.311299999999999855e-02
6.400000000000000133e-01 -4.136999999999999705e-02
6.500000000000000222e-01 -4.043800000000000172e-02
6.600000000000000311e-01 -3.947300000000000114e-02
6.800000000000000488e-01 -3.745199999999999918e-02
6.999999999999999556e-01 -3.533100000000000129e-02
7.199999999999999734e-01 -3.312799999999999773e-02
7.399999999999999911e-01 -3.086099999999999954e-02
7.500000000000000000e-01 -2.970799999999999830e-02
7.600000000000000089e-01 -2.854500000000000093e-02
7.800000000000000266e-01 -2.619300000000000100e-02
8.000000000000000444e-01 -2.381899999999999989e-02
8.199999999999999512e-01 -2.143700000000000119e-02
8.399999999999999689e-01 -1.905499999999999902e-02
8.499999999999999778e-01 -1.786400000000000141e-02
8.599999999999999867e-01 -1.667300000000000032e-02
8.800000000000000044e-01 -1.429199999999999915e-02
9.000000000000000222e-01 -1.191000000000000045e-02
9.200000000000000400e-01 -9.528000000000000011e-03
9.250000000000000444e-01 -8.932000000000000703e-03
9.399999999999999467e-01 -7.146999999999999707e-03
9.499999999999999556e-01 -5.955000000000000224e-03
9.599999999999999645e-01 -4.764000000000000005e-03
9.749999999999999778e-01 -2.977000000000000045e-03
9.799999999999999822e-01 -2.382000000000000003e-03
9.875000000000000444e-01 -1.489000000000000089e-03
1.000000000000000000e+00 0.000000000000000000e+00
