1.000000000000000000e+00 0.000000000000000000e+00
9.000000000000000222e-01 1.830000000000000029e-02
8.000000000000000444e-01 3.540000000000000091e-02
6.999999999999999556e-01 5.269999999999999685e-02
5.999999999999999778e-01 6.850000000000000533e-02
5.000000000000000000e-01 8.060000000000000497e-02
4.000000000000000222e-01 8.690000000000000502e-02
2.999999999999999889e-01 8.749999999999999445e-02
2.000000000000000111e-01 7.910000000000000364e-02
1.000000000000000056e-01 5.940000000000000141e-02
5.000000000000000278e-02 4.209999999999999853e-02
2.500000000000000139e-02 2.980000000000000010e-02
0.000000000000000000e+00 0.000000000000000000e+00
2.500000000000000139e-02 -2.019999999999999921e-02
5.000000000000000278e-02 -2.659999999999999865e-02
1.000000000000000056e-01 -3.379999999999999671e-02
2.000000000000000111e-01 -3.860000000000000236e-02
2.999999999999999889e-01 -3.899999999999999994e-02
4.000000000000000222e-01 -3.660000000000000059e-02
5.000000000000000000e-01 -3.230000000000000232e-02
5.999999999999999778e-01 -2.730000000000000135e-02
6.999999999999999556e-01 -2.129999999999999949e-02
8.000000000000000444e-01 -1.460000000000000013e-02
9.000000000000000222e-01 -7.900000000000000772e-03
1.000000000000000000e+00 0.000000000000000000e+00
