1.000000000000000000e+00 1.500000000000000031e-03
8.998800000000000132e-01 3.314000000000000279e-02
7.998100999999999683e-01 5.378000000000000141e-02
6.997400000000000286e-01 7.141999999999999738e-02
5.997000000000000108e-01 8.405999999999999583e-02
4.996700000000000030e-01 9.170000000000000373e-02
3.996600000000000152e-01 9.533999999999999420e-02
2.996599999999999819e-01 9.578000000000000402e-02
1.996699999999999864e-01 9.062000000000000610e-02
9.972999999999999921e-02 7.426000000000000656e-02
4.981000000000000011e-02 5.408000000000000307e-02
2.486999999999999975e-02 3.599000000000000116e-02
0.000000000000000000e+00 0.000000000000000000e+00
2.502000000000000057e-02 -5.009999999999999697e-03
5.002000000000000196e-02 -4.919999999999999894e-03
1.000199999999999978e-01 -4.740000000000000289e-03
2.000200000000000033e-01 -4.380000000000000213e-03
3.000099999999999989e-01 -4.020000000000000136e-03
4.000099999999999767e-01 -3.660000000000000059e-03
5.000099999999999545e-01 -3.299999999999999982e-03
6.000100000000000433e-01 -2.939999999999999905e-03
7.000100000000000211e-01 -2.579999999999999828e-03
8.000099999999999989e-01 -2.220000000000000185e-03
9.000099999999999767e-01 -1.860000000000000108e-03
1.000000000000000000e+00 -1.500000000000000031e-03
