1.000000000000000000e+00 0.000000000000000000e+00
9.499999999999999556e-01 6.400000000000000307e-03
9.000000000000000222e-01 1.260000000000000009e-02
8.000000000000000444e-01 2.699999999999999969e-02
6.999999999999999556e-01 4.309999999999999942e-02
5.999999999999999778e-01 5.870000000000000218e-02
5.000000000000000000e-01 7.209999999999999742e-02
4.000000000000000222e-01 8.079999999999999682e-02
2.999999999999999889e-01 8.319999999999999618e-02
2.000000000000000111e-01 7.720000000000000473e-02
1.499999999999999944e-01 6.969999999999999807e-02
1.000000000000000056e-01 5.829999999999999766e-02
7.499999999999999722e-02 5.120000000000000245e-02
5.000000000000000278e-02 4.109999999999999765e-02
2.500000000000000139e-02 2.819999999999999937e-02
1.250000000000000069e-02 1.959999999999999937e-02
0.000000000000000000e+00 0.000000000000000000e+00
1.250000000000000069e-02 -1.619999999999999912e-02
2.500000000000000139e-02 -2.139999999999999888e-02
5.000000000000000278e-02 -2.809999999999999998e-02
7.499999999999999722e-02 -3.250000000000000111e-02
1.000000000000000056e-01 -3.529999999999999805e-02
1.499999999999999944e-01 -3.910000000000000281e-02
2.000000000000000111e-01 -4.159999999999999809e-02
2.999999999999999889e-01 -4.320000000000000229e-02
4.000000000000000222e-01 -4.320000000000000229e-02
5.000000000000000000e-01 -4.109999999999999765e-02
5.999999999999999778e-01 -3.690000000000000224e-02
6.999999999999999556e-01 -3.090000000000000038e-02
8.000000000000000444e-01 -2.299999999999999961e-02
9.000000000000000222e-01 -1.340000000000000045e-02
9.499999999999999556e-01 -7.599999999999999985e-03
1.000000000000000000e+00 0.000000000000000000e+00
