1.000000000000000000e+00 0.000000000000000000e+00
9.499999999999999556e-01 1.199000000000000066e-02
9.000000000000000222e-01 1.807999999999999885e-02
8.000000000000000444e-01 2.845999999999999919e-02
6.999999999999999556e-01 3.663999999999999896e-02
5.999999999999999778e-01 4.331999999999999740e-02
5.000000000000000000e-01 4.880000000000000310e-02
4.000000000000000222e-01 5.317999999999999811e-02
2.999999999999999889e-01 5.566000000000000114e-02
2.000000000000000111e-01 5.523999999999999744e-02
1.499999999999999944e-01 5.202999999999999986e-02
1.000000000000000056e-01 4.592000000000000248e-02
5.000000000000000278e-02 3.470999999999999780e-02
2.500000000000000139e-02 2.555999999999999939e-02
1.250000000000000069e-02 1.857999999999999929e-02
0.000000000000000000e+00 0.000000000000000000e+00
1.250000000000000069e-02 -7.919999999999999957e-03
2.500000000000000139e-02 -1.043999999999999963e-02
5.000000000000000278e-02 -1.349000000000000025e-02
1.000000000000000056e-01 -1.477999999999999974e-02
1.499999999999999944e-01 -1.286999999999999950e-02
2.000000000000000111e-01 -9.060000000000000345e-03
2.999999999999999889e-01 -3.540000000000000178e-03
4.000000000000000222e-01 -2.919999999999999853e-03
5.000000000000000000e-01 -5.400000000000000286e-03
5.999999999999999778e-01 -8.580000000000000820e-03
6.999999999999999556e-01 -1.065999999999999934e-02
8.000000000000000444e-01 -9.740000000000000394e-03
9.000000000000000222e-01 -7.919999999999999957e-03
9.499999999999999556e-01 -6.510000000000000162e-03
1.000000000000000000e+00 0.000000000000000000e+00
