1.000000000000000000e+00 0.000000000000000000e+00
9.499999999999999556e-01 6.100000000000000387e-03
9.000000000000000222e-01 1.119999999999999989e-02
8.000000000000000444e-01 2.079999999999999905e-02
6.999999999999999556e-01 2.960000000000000131e-02
5.999999999999999778e-01 3.769999999999999740e-02
5.000000000000000000e-01 4.370000000000000273e-02
4.000000000000000222e-01 4.780000000000000221e-02
2.999999999999999889e-01 4.880000000000000310e-02
2.000000000000000111e-01 4.599999999999999922e-02
1.499999999999999944e-01 4.240000000000000019e-02
1.000000000000000056e-01 3.620000000000000301e-02
7.499999999999999722e-02 3.200000000000000067e-02
5.000000000000000278e-02 2.670000000000000151e-02
2.500000000000000139e-02 1.899999999999999953e-02
1.250000000000000069e-02 1.340000000000000045e-02
0.000000000000000000e+00 0.000000000000000000e+00
1.250000000000000069e-02 -1.340000000000000045e-02
2.500000000000000139e-02 -1.899999999999999953e-02
5.000000000000000278e-02 -2.670000000000000151e-02
7.499999999999999722e-02 -3.200000000000000067e-02
1.000000000000000056e-01 -3.620000000000000301e-02
1.499999999999999944e-01 -4.240000000000000019e-02
2.000000000000000111e-01 -4.599999999999999922e-02
2.999999999999999889e-01 -4.880000000000000310e-02
4.000000000000000222e-01 -4.780000000000000221e-02
5.000000000000000000e-01 -4.370000000000000273e-02
5.999999999999999778e-01 -3.769999999999999740e-02
6.999999999999999556e-01 -2.960000000000000131e-02
8.000000000000000444e-01 -2.079999999999999905e-02
9.000000000000000222e-01 -1.119999999999999989e-02
9.499999999999999556e-01 -6.100000000000000387e-03
1.000000000000000000e+00 0.000000000000000000e+00
