1.000000000000000000e+00 0.000000000000000000e+00
9.000000000000000222e-01 7.799999999999999642e-03
8.000000000000000444e-01 1.499999999999999944e-02
6.999999999999999556e-01 2.220000000000000098e-02
5.999999999999999778e-01 2.869999999999999982e-02
5.000000000000000000e-01 3.400000000000000244e-02
4.000000000000000222e-01 3.719999999999999696e-02
2.999999999999999889e-01 3.799999999999999906e-02
2.000000000000000111e-01 3.559999999999999970e-02
1.499999999999999944e-01 3.259999999999999704e-02
1.000000000000000056e-01 2.809999999999999998e-02
5.000000000000000278e-02 2.079999999999999905e-02
2.500000000000000139e-02 1.490000000000000005e-02
1.250000000000000069e-02 1.080000000000000057e-02
0.000000000000000000e+00 0.000000000000000000e+00
1.250000000000000069e-02 -1.080000000000000057e-02
2.500000000000000139e-02 -1.490000000000000005e-02
5.000000000000000278e-02 -2.079999999999999905e-02
1.000000000000000056e-01 -2.809999999999999998e-02
1.499999999999999944e-01 -3.259999999999999704e-02
2.000000000000000111e-01 -3.559999999999999970e-02
2.999999999999999889e-01 -3.799999999999999906e-02
4.000000000000000222e-01 -3.719999999999999696e-02
5.000000000000000000e-01 -3.400000000000000244e-02
5.999999999999999778e-01 -2.869999999999999982e-02
6.999999999999999556e-01 -2.220000000000000098e-02
8.000000000000000444e-01 -1.499999999999999944e-02
9.000000000000000222e-01 -7.799999999999999642e-03
1.000000000000000000e+00 0.000000000000000000e+00
