1.000000000000000000e+00 0.000000000000000000e+00
9.000000000000000222e-01 2.436999999999999930e-02
8.000000000000000444e-01 4.904000000000000026e-02
6.999999999999999556e-01 7.241000000000000214e-02
5.999999999999999778e-01 9.278000000000000136e-02
5.000000000000000000e-01 1.082499999999999990e-01
4.000000000000000222e-01 1.171200000000000019e-01
2.999999999999999889e-01 1.186900000000000038e-01
2.000000000000000111e-01 1.096599999999999936e-01
1.000000000000000056e-01 8.493000000000000549e-02
5.000000000000000278e-02 6.096000000000000030e-02
2.500000000000000139e-02 4.148000000000000298e-02
0.000000000000000000e+00 0.000000000000000000e+00
2.500000000000000139e-02 -3.742000000000000187e-02
5.000000000000000278e-02 -5.263999999999999929e-02
1.000000000000000056e-01 -7.056999999999999384e-02
2.000000000000000111e-01 -8.554000000000000492e-02
2.999999999999999889e-01 -8.770999999999999630e-02
4.000000000000000222e-01 -8.318000000000000393e-02
5.000000000000000000e-01 -7.395000000000000184e-02
5.999999999999999778e-01 -6.151999999999999830e-02
6.999999999999999556e-01 -4.648999999999999660e-02
8.000000000000000444e-01 -2.976000000000000173e-02
9.000000000000000222e-01 -1.482999999999999943e-02
1.000000000000000000e+00 0.000000000000000000e+00
