1.000000000000000000e+00 0.000000000000000000e+00
9.500100000000000211e-01 5.919999999999999915e-03
9.000299999999999967e-01 1.144000000000000052e-02
8.000699999999999479e-01 2.968000000000000152e-02
7.001199999999999646e-01 5.192000000000000087e-02
6.001800000000000468e-01 7.416000000000000369e-02
5.002299999999999525e-01 9.400000000000000022e-02
4.002600000000000047e-01 1.070399999999999963e-01
3.002600000000000269e-01 1.100799999999999973e-01
2.002400000000000013e-01 1.011200000000000015e-01
1.502199999999999924e-01 9.103999999999999593e-02
1.001800000000000052e-01 7.456000000000000127e-02
7.514999999999999458e-02 6.292000000000000370e-02
5.011999999999999789e-02 5.027999999999999831e-02
2.508000000000000160e-02 3.393999999999999795e-02
1.255000000000000039e-02 2.276999999999999857e-02
0.000000000000000000e+00 0.000000000000000000e+00
1.246000000000000059e-02 -1.502999999999999996e-02
2.495999999999999955e-02 -1.865999999999999950e-02
4.995000000000000134e-02 -2.071999999999999884e-02
7.495000000000000273e-02 -2.118000000000000091e-02
9.994999999999999718e-02 -2.084000000000000088e-02
1.499500000000000000e-01 -1.975999999999999979e-02
1.999599999999999989e-01 -1.847999999999999990e-02
2.999600000000000044e-01 -1.632000000000000117e-02
3.999599999999999822e-01 -1.736000000000000043e-02
4.999500000000000055e-01 -2.000000000000000042e-02
5.999499999999999833e-01 -2.204000000000000056e-02
6.999499999999999611e-01 -2.267999999999999877e-02
7.999500000000000499e-01 -2.092000000000000109e-02
8.999700000000000477e-01 -1.396000000000000019e-02
9.499800000000000466e-01 -8.880000000000000740e-03
1.000000000000000000e+00 0.000000000000000000e+00
