1.000000000000000000e+00 0.000000000000000000e+00
9.499999999999999556e-01 1.136999999999999990e-02
9.000000000000000222e-01 2.003999999999999879e-02
8.000000000000000444e-01 3.867999999999999911e-02
6.999999999999999556e-01 5.501999999999999946e-02
5.999999999999999778e-01 6.855999999999999595e-02
5.000000000000000000e-01 7.770000000000000517e-02
4.000000000000000222e-01 8.124000000000000665e-02
2.999999999999999889e-01 8.078000000000000458e-02
2.500000000000000000e-01 7.685000000000000164e-02
2.000000000000000111e-01 7.231999999999999540e-02
1.499999999999999944e-01 6.449000000000000565e-02
1.000000000000000056e-01 5.365999999999999936e-02
7.499999999999999722e-02 4.700000000000000011e-02
5.000000000000000278e-02 3.873000000000000054e-02
2.500000000000000139e-02 2.697000000000000092e-02
1.250000000000000069e-02 1.788000000000000006e-02
0.000000000000000000e+00 0.000000000000000000e+00
1.250000000000000069e-02 -1.731999999999999859e-02
2.500000000000000139e-02 -2.282999999999999960e-02
5.000000000000000278e-02 -3.087000000000000161e-02
7.499999999999999722e-02 -3.549999999999999684e-02
1.000000000000000056e-01 -3.894000000000000239e-02
1.499999999999999944e-01 -4.401000000000000051e-02
2.000000000000000111e-01 -4.628000000000000169e-02
2.500000000000000000e-01 -4.714999999999999747e-02
2.999999999999999889e-01 -4.662000000000000172e-02
4.000000000000000222e-01 -4.236000000000000182e-02
5.000000000000000000e-01 -3.629999999999999893e-02
5.999999999999999778e-01 -2.844000000000000000e-02
6.999999999999999556e-01 -2.018000000000000002e-02
8.000000000000000444e-01 -1.212000000000000056e-02
9.000000000000000222e-01 -5.859999999999999758e-03
9.499999999999999556e-01 -3.330000000000000061e-03
1.000000000000000000e+00 0.000000000000000000e+00
