1.000000000000000000e+00 0.000000000000000000e+00
9.000000000000000222e-01 3.150000000000000022e-02
8.000000000000000444e-01 5.779999999999999721e-02
6.999999999999999556e-01 7.989999999999999880e-02
5.999999999999999778e-01 9.619999999999999385e-02
5.000000000000000000e-01 1.068999999999999950e-01
4.000000000000000222e-01 1.100000000000000006e-01
2.999999999999999889e-01 1.054999999999999966e-01
2.000000000000000111e-01 9.160000000000000087e-02
1.000000000000000056e-01 6.629999999999999782e-02
5.000000000000000278e-02 4.585000000000000187e-02
2.500000000000000139e-02 3.182000000000000106e-02
0.000000000000000000e+00 0.000000000000000000e+00
2.500000000000000139e-02 -1.837000000000000091e-02
5.000000000000000278e-02 -2.375000000000000028e-02
1.000000000000000056e-01 -2.790000000000000119e-02
2.000000000000000111e-01 -2.759999999999999953e-02
2.999999999999999889e-01 -2.129999999999999949e-02
4.000000000000000222e-01 -1.400000000000000029e-02
5.000000000000000000e-01 -6.700000000000000226e-03
5.999999999999999778e-01 2.000000000000000096e-04
6.999999999999999556e-01 4.899999999999999842e-03
8.000000000000000444e-01 6.799999999999999621e-03
9.000000000000000222e-01 4.700000000000000185e-03
1.000000000000000000e+00 0.000000000000000000e+00
