1.000000000000000000e+00 0.000000000000000000e+00
9.499999999999999556e-01 1.969999999999999876e-02
9.000000000000000222e-01 3.640000000000000180e-02
8.000000000000000444e-01 6.379999999999999560e-02
6.999999999999999556e-01 8.719999999999999973e-02
5.999999999999999778e-01 1.086000000000000021e-01
5.000000000000000000e-01 1.250000000000000000e-01
4.000000000000000222e-01 1.373999999999999944e-01
2.999999999999999889e-01 1.418000000000000094e-01
2.000000000000000111e-01 1.361999999999999877e-01
1.499999999999999944e-01 1.259000000000000119e-01
1.000000000000000056e-01 1.066000000000000003e-01
7.499999999999999722e-02 9.245000000000000440e-02
5.000000000000000278e-02 7.330000000000000404e-02
2.500000000000000139e-02 4.614999999999999658e-02
1.250000000000000069e-02 2.707000000000000031e-02
0.000000000000000000e+00 0.000000000000000000e+00
1.250000000000000069e-02 -8.030000000000000679e-03
2.500000000000000139e-02 -1.184999999999999942e-02
5.000000000000000278e-02 -1.069999999999999944e-02
7.499999999999999722e-02 -5.550000000000000246e-03
1.000000000000000056e-01 2.599999999999999881e-03
1.499999999999999944e-01 2.089999999999999844e-02
2.000000000000000111e-01 3.819999999999999785e-02
2.999999999999999889e-01 5.879999999999999810e-02
4.000000000000000222e-01 6.539999999999999980e-02
5.000000000000000000e-01 6.300000000000000044e-02
5.999999999999999778e-01 5.360000000000000181e-02
6.999999999999999556e-01 4.220000000000000140e-02
8.000000000000000444e-01 2.680000000000000090e-02
9.000000000000000222e-01 1.039999999999999952e-02
9.499999999999999556e-01 1.699999999999999905e-03
1.000000000000000000e+00 0.000000000000000000e+00
