1.000000000000000000e+00 0.000000000000000000e+00
9.499999999999999556e-01 8.899999999999999925e-03
9.000000000000000222e-01 1.629999999999999852e-02
8.000000000000000444e-01 2.929999999999999966e-02
6.999999999999999556e-01 4.320000000000000229e-02
5.999999999999999778e-01 5.399999999999999939e-02
5.000000000000000000e-01 6.250000000000000000e-02
4.000000000000000222e-01 6.719999999999999585e-02
2.999999999999999889e-01 6.700000000000000400e-02
2.000000000000000111e-01 5.999999999999999778e-02
1.499999999999999944e-01 5.360000000000000181e-02
1.000000000000000056e-01 4.460000000000000075e-02
7.499999999999999722e-02 3.899999999999999994e-02
5.000000000000000278e-02 3.130000000000000143e-02
2.500000000000000139e-02 2.100000000000000130e-02
1.250000000000000069e-02 1.450000000000000074e-02
0.000000000000000000e+00 0.000000000000000000e+00
1.250000000000000069e-02 -1.250000000000000069e-02
2.500000000000000139e-02 -1.650000000000000078e-02
5.000000000000000278e-02 -2.199999999999999872e-02
7.499999999999999722e-02 -2.529999999999999957e-02
1.000000000000000056e-01 -2.750000000000000014e-02
1.499999999999999944e-01 -3.049999999999999933e-02
2.000000000000000111e-01 -3.200000000000000067e-02
2.999999999999999889e-01 -3.119999999999999857e-02
4.000000000000000222e-01 -2.860000000000000042e-02
5.000000000000000000e-01 -2.500000000000000139e-02
5.999999999999999778e-01 -2.100000000000000130e-02
6.999999999999999556e-01 -1.600000000000000033e-02
8.000000000000000444e-01 -1.099999999999999936e-02
9.000000000000000222e-01 -6.300000000000000044e-03
9.499999999999999556e-01 -3.399999999999999811e-03
1.000000000000000000e+00 0.000000000000000000e+00
