1.000000000000000000e+00 0.000000000000000000e+00
9.000000000000000222e-01 2.515999999999999834e-02
8.000000000000000444e-01 4.621999999999999720e-02
6.999999999999999556e-01 6.388000000000000622e-02
5.999999999999999778e-01 7.693999999999999451e-02
5.000000000000000000e-01 8.530000000000000082e-02
4.000000000000000222e-01 8.816000000000000225e-02
2.999999999999999889e-01 8.451999999999999791e-02
2.000000000000000111e-01 7.338000000000000078e-02
1.499999999999999944e-01 6.456000000000000627e-02
1.000000000000000056e-01 5.303999999999999687e-02
5.000000000000000278e-02 3.661999999999999977e-02
2.500000000000000139e-02 2.545999999999999999e-02
1.250000000000000069e-02 1.743000000000000105e-02
0.000000000000000000e+00 0.000000000000000000e+00
1.250000000000000069e-02 -1.136999999999999990e-02
2.500000000000000139e-02 -1.473999999999999963e-02
5.000000000000000278e-02 -1.907999999999999974e-02
1.000000000000000056e-01 -2.236000000000000140e-02
1.499999999999999944e-01 -2.283999999999999919e-02
2.000000000000000111e-01 -2.212000000000000077e-02
2.999999999999999889e-01 -1.708000000000000143e-02
4.000000000000000222e-01 -1.123999999999999999e-02
5.000000000000000000e-01 -6.199999999999999782e-03
5.999999999999999778e-01 1.399999999999999877e-04
6.999999999999999556e-01 3.880000000000000202e-03
8.000000000000000444e-01 5.420000000000000338e-03
9.000000000000000222e-01 3.759999999999999887e-03
1.000000000000000000e+00 0.000000000000000000e+00
