1.000000000000000000e+00 0.000000000000000000e+00
9.497898999999999647e-01 1.047000000000000014e-02
8.996600999999999626e-01 1.663999999999999854e-02
7.994200000000000195e-01 2.828999999999999918e-02
6.992099999999999982e-01 3.833000000000000296e-02
5.990600000000000369e-01 4.587999999999999717e-02
4.989500000000000046e-01 5.102999999999999897e-02
3.989500000000000268e-01 5.181999999999999801e-02
2.989600000000000035e-01 5.072999999999999732e-02
1.990999999999999992e-01 4.408000000000000113e-02
1.491999999999999993e-01 3.916000000000000036e-02
9.933999999999999775e-02 3.243999999999999662e-02
7.444000000000000616e-02 2.752999999999999892e-02
4.952999999999999764e-02 2.312000000000000166e-02
2.467000000000000096e-02 1.620999999999999872e-02
1.227999999999999925e-02 1.074999999999999914e-02
0.000000000000000000e+00 0.000000000000000000e+00
1.264999999999999979e-02 -7.539999999999999827e-03
2.520999999999999977e-02 -1.047999999999999973e-02
5.027999999999999831e-02 -1.376999999999999925e-02
7.531999999999999806e-02 -1.545999999999999978e-02
1.003399999999999986e-01 -1.643999999999999975e-02
1.503599999999999937e-01 -1.742000000000000146e-02
2.003500000000000003e-01 -1.728999999999999981e-02
3.003199999999999759e-01 -1.544000000000000060e-02
4.002399999999999847e-01 -1.179999999999999973e-02
5.001700000000000035e-01 -8.250000000000000389e-03
6.000999999999999668e-01 -5.100000000000000366e-03
7.000499999999999501e-01 -2.550000000000000183e-03
8.000199999999999534e-01 -1.000000000000000021e-03
9.000099999999999767e-01 -6.499999999999999702e-04
9.500300000000000411e-01 -1.219999999999999947e-03
1.000000000000000000e+00 0.000000000000000000e+00
