1.000000000000000000e+00 0.000000000000000000e+00
9.499999999999999556e-01 7.000000000000000146e-03
9.000000000000000222e-01 1.299999999999999940e-02
8.000000000000000444e-01 2.500000000000000139e-02
6.999999999999999556e-01 3.699999999999999817e-02
5.999999999999999778e-01 4.780000000000000221e-02
5.000000000000000000e-01 5.659999999999999754e-02
4.000000000000000222e-01 6.199999999999999956e-02
2.999999999999999889e-01 6.320000000000000617e-02
2.000000000000000111e-01 5.940000000000000141e-02
1.499999999999999944e-01 5.439999999999999697e-02
1.000000000000000056e-01 4.680000000000000132e-02
5.000000000000000278e-02 3.459999999999999881e-02
2.500000000000000139e-02 2.479999999999999913e-02
1.250000000000000069e-02 1.799999999999999864e-02
0.000000000000000000e+00 0.000000000000000000e+00
1.250000000000000069e-02 -1.799999999999999864e-02
2.500000000000000139e-02 -2.479999999999999913e-02
5.000000000000000278e-02 -3.459999999999999881e-02
1.000000000000000056e-01 -4.680000000000000132e-02
1.499999999999999944e-01 -5.439999999999999697e-02
2.000000000000000111e-01 -5.940000000000000141e-02
2.999999999999999889e-01 -6.320000000000000617e-02
4.000000000000000222e-01 -6.199999999999999956e-02
5.000000000000000000e-01 -5.659999999999999754e-02
5.999999999999999778e-01 -4.780000000000000221e-02
6.999999999999999556e-01 -3.699999999999999817e-02
8.000000000000000444e-01 -2.500000000000000139e-02
9.000000000000000222e-01 -1.299999999999999940e-02
9.499999999999999556e-01 -7.000000000000000146e-03
1.000000000000000000e+00 0.000000000000000000e+00
