1.000000000000000000e+00 0.000000000000000000e+00
9.497898999999999647e-01 6.159999999999999677e-03
8.996199999999999752e-01 1.081999999999999976e-02
7.993200000000000305e-01 1.974000000000000060e-02
6.990300000000000402e-01 2.806000000000000161e-02
5.987900000000000444e-01 3.477999999999999842e-02
4.986400000000000277e-01 3.930000000000000160e-02
3.985600000000000254e-01 4.163000000000000034e-02
2.985099999999999976e-01 4.098000000000000254e-02
1.987200000000000077e-01 3.690000000000000224e-02
1.488599999999999923e-01 3.277000000000000052e-02
9.904999999999999916e-02 2.743999999999999911e-02
7.416999999999999982e-02 2.397000000000000172e-02
4.934000000000000191e-02 1.910999999999999852e-02
2.452000000000000013e-02 1.384999999999999946e-02
1.217000000000000026e-02 9.620000000000000079e-03
0.000000000000000000e+00 0.000000000000000000e+00
1.281999999999999980e-02 -9.159999999999999740e-03
2.543000000000000121e-02 -1.231999999999999935e-02
5.056000000000000077e-02 -1.625000000000000056e-02
7.564999999999999503e-02 -1.876999999999999849e-02
1.007200000000000040e-01 -2.070999999999999924e-02
1.507900000000000074e-01 -2.276999999999999857e-02
2.008300000000000085e-01 -2.402999999999999928e-02
3.008199999999999763e-01 -2.375999999999999987e-02
4.007600000000000051e-01 -2.188999999999999974e-02
5.006399999999999739e-01 -1.842999999999999847e-02
6.005099999999999882e-01 -1.456000000000000003e-02
7.003700000000000481e-01 -1.069999999999999944e-02
8.002500000000000169e-01 -7.230000000000000315e-03
9.001400000000000512e-01 -3.969999999999999571e-03
9.500800000000000356e-01 -2.429999999999999868e-03
1.000000000000000000e+00 0.000000000000000000e+00
