1.000000000000000000e+00 0.000000000000000000e+00
9.499999999999999556e-01 1.004999999999999991e-02
9.000000000000000222e-01 1.949999999999999997e-02
8.000000000000000444e-01 4.019999999999999962e-02
6.999999999999999556e-01 6.049999999999999822e-02
5.999999999999999778e-01 7.939999999999999836e-02
5.000000000000000000e-01 9.379999999999999449e-02
4.000000000000000222e-01 1.019999999999999934e-01
2.999999999999999889e-01 1.039999999999999952e-01
2.000000000000000111e-01 9.529999999999999583e-02
1.499999999999999944e-01 8.630000000000000171e-02
1.000000000000000056e-01 7.299999999999999545e-02
7.499999999999999722e-02 6.389999999999999847e-02
5.000000000000000278e-02 5.199999999999999761e-02
2.500000000000000139e-02 3.649999999999999772e-02
1.250000000000000069e-02 2.599999999999999881e-02
0.000000000000000000e+00 0.000000000000000000e+00
1.250000000000000069e-02 -1.650000000000000078e-02
2.500000000000000139e-02 -2.340000000000000066e-02
5.000000000000000278e-02 -3.160000000000000309e-02
7.499999999999999722e-02 -3.690000000000000224e-02
1.000000000000000056e-01 -4.030000000000000249e-02
1.499999999999999944e-01 -4.410000000000000031e-02
2.000000000000000111e-01 -4.580000000000000043e-02
2.999999999999999889e-01 -4.560000000000000164e-02
4.000000000000000222e-01 -4.329999999999999821e-02
5.000000000000000000e-01 -3.899999999999999994e-02
5.999999999999999778e-01 -3.359999999999999792e-02
6.999999999999999556e-01 -2.649999999999999925e-02
8.000000000000000444e-01 -1.830000000000000029e-02
9.000000000000000222e-01 -1.000000000000000021e-02
9.499999999999999556e-01 -6.400000000000000307e-03
1.000000000000000000e+00 0.000000000000000000e+00
